,Unnamed: 0,neglogprob,sub_id,x0_alpha_neg,x0_alpha_pos,x0_beta,x0_exp_neg,x0_exp_pos,xopt_alpha_neg,xopt_alpha_pos,xopt_beta,xopt_exp_neg,xopt_exp_pos,model
0,45,111.68900575378187,100042.0,0.10594320320118833,0.05,1.0,0.4001962499710573,0.5,0.2381370435593025,,,0.1218293416478266,,LearningParams_Fit_alpha_neg-exp_neg_Fix_alpha_pos-beta-exp_pos_
1,40,111.68900575378213,100042.0,0.5869724540411392,0.05,1.0,0.2161972859638147,0.5,0.23813704427556956,,,0.12182933797057105,,LearningParams_Fit_alpha_neg-exp_neg_Fix_alpha_pos-beta-exp_pos_
2,10,111.68900575378487,100042.0,0.09590324538938633,0.05,1.0,0.25148630840397196,0.5,0.2381369860485124,,,0.12182934165147476,,LearningParams_Fit_alpha_neg-exp_neg_Fix_alpha_pos-beta-exp_pos_
3,30,111.68900575378504,100042.0,0.7424598383942559,0.05,1.0,0.4814203112016593,0.5,0.23813711071923516,,,0.12182938813571535,,LearningParams_Fit_alpha_neg-exp_neg_Fix_alpha_pos-beta-exp_pos_
4,31,111.6890057537856,100042.0,0.046570239465066665,0.05,1.0,0.6822468628040754,0.5,0.23813701934268666,,,0.12182931109989036,,LearningParams_Fit_alpha_neg-exp_neg_Fix_alpha_pos-beta-exp_pos_
5,49,111.68900575378609,100042.0,0.7547234976650686,0.05,1.0,0.6033387889394819,0.5,0.23813705817524605,,,0.12182928264766572,,LearningParams_Fit_alpha_neg-exp_neg_Fix_alpha_pos-beta-exp_pos_
6,5,111.68900575378755,100042.0,0.050820781583354464,0.05,1.0,0.4926785002346274,0.5,0.2381366533617316,,,0.12182981479432063,,LearningParams_Fit_alpha_neg-exp_neg_Fix_alpha_pos-beta-exp_pos_
7,9,111.68900575378768,100042.0,0.2914970301932829,0.05,1.0,0.5907440227362561,0.5,0.2381369284875715,,,0.12182937082835515,,LearningParams_Fit_alpha_neg-exp_neg_Fix_alpha_pos-beta-exp_pos_
8,11,111.68900575378872,100042.0,0.11627474266264548,0.05,1.0,0.9515597261281245,0.5,0.23813711617728056,,,0.1218292316600036,,LearningParams_Fit_alpha_neg-exp_neg_Fix_alpha_pos-beta-exp_pos_
9,25,111.689005753789,100042.0,0.4846440176151501,0.05,1.0,0.998415463093046,0.5,0.23813663505865998,,,0.12182982052857115,,LearningParams_Fit_alpha_neg-exp_neg_Fix_alpha_pos-beta-exp_pos_
10,6,111.68900575378952,100042.0,0.0225012795276891,0.05,1.0,0.20758233178480945,0.5,0.23813706015454375,,,0.12182952494759297,,LearningParams_Fit_alpha_neg-exp_neg_Fix_alpha_pos-beta-exp_pos_
11,13,111.68900575379145,100042.0,0.16492301760627082,0.05,1.0,0.7694840031024349,0.5,0.2381370991598097,,,0.12182921312655612,,LearningParams_Fit_alpha_neg-exp_neg_Fix_alpha_pos-beta-exp_pos_
12,21,111.6890057537918,100042.0,0.859807415663967,0.05,1.0,0.17795939274952466,0.5,0.2381367614371381,,,0.12182953681041102,,LearningParams_Fit_alpha_neg-exp_neg_Fix_alpha_pos-beta-exp_pos_
13,42,111.68900575379223,100042.0,0.37109038105046577,0.05,1.0,0.530983661244129,0.5,0.23813660048011956,,,0.1218298571863752,,LearningParams_Fit_alpha_neg-exp_neg_Fix_alpha_pos-beta-exp_pos_
14,3,111.6890057537924,100042.0,0.5046701410231509,0.05,1.0,0.7308071101273409,0.5,0.2381366272457617,,,0.12182990509347673,,LearningParams_Fit_alpha_neg-exp_neg_Fix_alpha_pos-beta-exp_pos_
15,18,111.68900575379257,100042.0,0.9605255761542052,0.05,1.0,0.5713623064022655,0.5,0.2381371972182862,,,0.12182918370060215,,LearningParams_Fit_alpha_neg-exp_neg_Fix_alpha_pos-beta-exp_pos_
16,38,111.689005753793,100042.0,0.1799696143492664,0.05,1.0,0.3927799540075943,0.5,0.2381370550023423,,,0.1218295578328606,,LearningParams_Fit_alpha_neg-exp_neg_Fix_alpha_pos-beta-exp_pos_
17,39,111.6890057537943,100042.0,0.8251604725831229,0.05,1.0,0.2318795338667736,0.5,0.238137130006175,,,0.12182945857816517,,LearningParams_Fit_alpha_neg-exp_neg_Fix_alpha_pos-beta-exp_pos_
18,4,111.68900575379485,100042.0,0.4388306056689102,0.05,1.0,0.9652269678734576,0.5,0.23813660278520105,,,0.1218299309893709,,LearningParams_Fit_alpha_neg-exp_neg_Fix_alpha_pos-beta-exp_pos_
19,47,111.68900575379534,100042.0,0.6724887804400688,0.05,1.0,0.056932124310703935,0.5,0.23813660563813374,,,0.1218297629150191,,LearningParams_Fit_alpha_neg-exp_neg_Fix_alpha_pos-beta-exp_pos_
20,35,111.68900575379536,100042.0,0.500966214913359,0.05,1.0,0.4627240903810048,0.5,0.2381371963084673,,,0.12182934997961947,,LearningParams_Fit_alpha_neg-exp_neg_Fix_alpha_pos-beta-exp_pos_
21,34,111.68900575379543,100042.0,0.3995435981195409,0.05,1.0,0.5405129612379074,0.5,0.2381370339175643,,,0.12182923012096153,,LearningParams_Fit_alpha_neg-exp_neg_Fix_alpha_pos-beta-exp_pos_
22,36,111.68900575379587,100042.0,0.1360523382549904,0.05,1.0,0.9979045544674392,0.5,0.23813664037593055,,,0.12182994169172115,,LearningParams_Fit_alpha_neg-exp_neg_Fix_alpha_pos-beta-exp_pos_
23,2,111.68900575379602,100042.0,0.987284542503022,0.05,1.0,0.07873976343882094,0.5,0.2381366596501441,,,0.12182965627671632,,LearningParams_Fit_alpha_neg-exp_neg_Fix_alpha_pos-beta-exp_pos_
24,41,111.6890057537961,100042.0,0.16616213943540026,0.05,1.0,0.3784544178598693,0.5,0.23813692991919297,,,0.12182972294229576,,LearningParams_Fit_alpha_neg-exp_neg_Fix_alpha_pos-beta-exp_pos_
25,19,111.68900575379624,100042.0,0.4931082227236064,0.05,1.0,0.6420566752969804,0.5,0.2381372426775894,,,0.1218292475334308,,LearningParams_Fit_alpha_neg-exp_neg_Fix_alpha_pos-beta-exp_pos_
26,28,111.68900575379841,100042.0,0.05009405143884682,0.05,1.0,0.14199668216392658,0.5,0.2381368688038389,,,0.12182979665399155,,LearningParams_Fit_alpha_neg-exp_neg_Fix_alpha_pos-beta-exp_pos_
27,16,111.68900575379885,100042.0,0.2107426058216588,0.05,1.0,0.7340415114627754,0.5,0.23813676400331066,,,0.12182949029211228,,LearningParams_Fit_alpha_neg-exp_neg_Fix_alpha_pos-beta-exp_pos_
28,43,111.68900575379885,100042.0,0.2944231536417061,0.05,1.0,0.11360962927071737,0.5,0.23813716359376466,,,0.1218291265243451,,LearningParams_Fit_alpha_neg-exp_neg_Fix_alpha_pos-beta-exp_pos_
29,23,111.68900575380087,100042.0,0.022596942438225187,0.05,1.0,0.2736399897126752,0.5,0.2381368086657796,,,0.1218298639766392,,LearningParams_Fit_alpha_neg-exp_neg_Fix_alpha_pos-beta-exp_pos_
30,29,111.689005753802,100042.0,0.06310565729826689,0.05,1.0,0.8541426337720853,0.5,0.23813729711110604,,,0.12182911808390418,,LearningParams_Fit_alpha_neg-exp_neg_Fix_alpha_pos-beta-exp_pos_
31,20,111.68900575380316,100042.0,0.9380833801273768,0.05,1.0,0.7992361917078629,0.5,0.2381368375176559,,,0.12182938098694228,,LearningParams_Fit_alpha_neg-exp_neg_Fix_alpha_pos-beta-exp_pos_
32,8,111.68900575380381,100042.0,0.9650830782417916,0.05,1.0,0.9658949420705216,0.5,0.23813683846683525,,,0.12182985116967948,,LearningParams_Fit_alpha_neg-exp_neg_Fix_alpha_pos-beta-exp_pos_
33,33,111.68900575380935,100042.0,0.20477547362251305,0.05,1.0,0.2454764326501575,0.5,0.23813723115407645,,,0.12182903166896675,,LearningParams_Fit_alpha_neg-exp_neg_Fix_alpha_pos-beta-exp_pos_
34,24,111.68900575381036,100042.0,0.4863078682589046,0.05,1.0,0.7009198780068745,0.5,0.2381373616469215,,,0.12182908632655012,,LearningParams_Fit_alpha_neg-exp_neg_Fix_alpha_pos-beta-exp_pos_
35,12,111.68900575381336,100042.0,0.15999465651936529,0.05,1.0,0.01575652447312892,0.5,0.23813671562952834,,,0.12182999559657458,,LearningParams_Fit_alpha_neg-exp_neg_Fix_alpha_pos-beta-exp_pos_
36,22,111.6890057538155,100042.0,0.0887997010131455,0.05,1.0,0.4492177152964011,0.5,0.23813737564576126,,,0.1218289845625799,,LearningParams_Fit_alpha_neg-exp_neg_Fix_alpha_pos-beta-exp_pos_
37,14,111.68900575381909,100042.0,0.06884317090225722,0.05,1.0,0.9190477630763366,0.5,0.2381374149438217,,,0.12182899434177508,,LearningParams_Fit_alpha_neg-exp_neg_Fix_alpha_pos-beta-exp_pos_
38,17,111.68900575382185,100042.0,0.1381058655944356,0.05,1.0,0.039846359002108984,0.5,0.2381372784164709,,,0.12182938671856113,,LearningParams_Fit_alpha_neg-exp_neg_Fix_alpha_pos-beta-exp_pos_
39,32,111.6890057538292,100042.0,0.443778349175454,0.05,1.0,0.4573755642158398,0.5,0.2381373407557945,,,0.12182931971496964,,LearningParams_Fit_alpha_neg-exp_neg_Fix_alpha_pos-beta-exp_pos_
40,44,111.68900575383459,100042.0,0.4952243981560802,0.05,1.0,0.18130539358670394,0.5,0.2381366646592828,,,0.12182946900374908,,LearningParams_Fit_alpha_neg-exp_neg_Fix_alpha_pos-beta-exp_pos_
41,37,111.68900575383694,100042.0,0.4730597405257784,0.05,1.0,0.29722528330928344,0.5,0.2381368723288806,,,0.12182993899728785,,LearningParams_Fit_alpha_neg-exp_neg_Fix_alpha_pos-beta-exp_pos_
42,26,120.66567320392531,100042.0,0.5211395222030981,0.05,1.0,0.5689692626317641,0.5,0.5560798744019233,,,-0.09260455960301096,,LearningParams_Fit_alpha_neg-exp_neg_Fix_alpha_pos-beta-exp_pos_
43,46,122.98684858048769,100042.0,0.5587961929862092,0.05,1.0,0.2585320199654819,0.5,0.6292897454065793,,,-0.12914528431335698,,LearningParams_Fit_alpha_neg-exp_neg_Fix_alpha_pos-beta-exp_pos_
44,0,125.58807913165757,100042.0,0.7811356543545109,0.05,1.0,0.6418505812057561,0.5,0.7244235867279598,,,-0.1733389101070087,,LearningParams_Fit_alpha_neg-exp_neg_Fix_alpha_pos-beta-exp_pos_
45,7,128.55502957138654,100042.0,0.7757243827090193,0.05,1.0,0.5317250715922913,0.5,0.8524496006027382,,,-0.2279095852334566,,LearningParams_Fit_alpha_neg-exp_neg_Fix_alpha_pos-beta-exp_pos_
46,1,128.55502957140072,100042.0,0.7091553219856062,0.05,1.0,0.5984850880209065,0.5,0.8524492069180544,,,-0.2279091431543168,,LearningParams_Fit_alpha_neg-exp_neg_Fix_alpha_pos-beta-exp_pos_
47,15,128.55502957142116,100042.0,0.7736629621391752,0.05,1.0,0.4459884716065337,0.5,0.8524491461315251,,,-0.22790907464105514,,LearningParams_Fit_alpha_neg-exp_neg_Fix_alpha_pos-beta-exp_pos_
48,27,131.99724353638157,100042.0,0.8151668601258831,0.05,1.0,0.2927449238125309,0.5,1.0327212562639076,,,-0.29711134646047105,,LearningParams_Fit_alpha_neg-exp_neg_Fix_alpha_pos-beta-exp_pos_
49,48,135.98784153269762,100042.0,0.9565635460377652,0.05,1.0,0.3842254623893357,0.5,1.3021479500429889,,,-0.3878695340221212,,LearningParams_Fit_alpha_neg-exp_neg_Fix_alpha_pos-beta-exp_pos_
0,46,76.43082428551214,200249.0,0.2637452619106012,0.05,1.0,0.35451649588908896,0.5,0.015428847789829916,,,0.5140841478995242,,LearningParams_Fit_alpha_neg-exp_neg_Fix_alpha_pos-beta-exp_pos_
1,36,76.43082428551222,200249.0,0.7249079923415316,0.05,1.0,0.04170398992341229,0.5,0.015428851120683675,,,0.5140840138717019,,LearningParams_Fit_alpha_neg-exp_neg_Fix_alpha_pos-beta-exp_pos_
2,0,76.43082428551233,200249.0,0.25224928398883084,0.05,1.0,0.6936297437267323,0.5,0.015428821033744775,,,0.5140844605638077,,LearningParams_Fit_alpha_neg-exp_neg_Fix_alpha_pos-beta-exp_pos_
3,37,76.43082428551234,200249.0,0.5472384197668629,0.05,1.0,0.7021079702401141,0.5,0.015428825730757725,,,0.5140844349913537,,LearningParams_Fit_alpha_neg-exp_neg_Fix_alpha_pos-beta-exp_pos_
4,32,76.43082428551259,200249.0,0.4402560527336635,0.05,1.0,0.67341878588636,0.5,0.015428820679453671,,,0.5140844850616577,,LearningParams_Fit_alpha_neg-exp_neg_Fix_alpha_pos-beta-exp_pos_
5,20,76.4308242855127,200249.0,0.35611284363418017,0.05,1.0,0.4174425608500967,0.5,0.015428850545990075,,,0.5140839981158511,,LearningParams_Fit_alpha_neg-exp_neg_Fix_alpha_pos-beta-exp_pos_
6,30,76.43082428551273,200249.0,0.8648795574152428,0.05,1.0,0.2175543564685214,0.5,0.01542881975607439,,,0.5140844201318561,,LearningParams_Fit_alpha_neg-exp_neg_Fix_alpha_pos-beta-exp_pos_
7,13,76.4308242855133,200249.0,0.5067822320248779,0.05,1.0,0.0718666964688699,0.5,0.015428840524343762,,,0.5140842878475747,,LearningParams_Fit_alpha_neg-exp_neg_Fix_alpha_pos-beta-exp_pos_
8,25,76.43082428551341,200249.0,0.37405488284137134,0.05,1.0,0.4442264255748556,0.5,0.015428814869618748,,,0.5140845578555686,,LearningParams_Fit_alpha_neg-exp_neg_Fix_alpha_pos-beta-exp_pos_
9,17,76.43082428551358,200249.0,0.01938608393650687,0.05,1.0,0.1178435622478564,0.5,0.01542885853677565,,,0.5140839002173693,,LearningParams_Fit_alpha_neg-exp_neg_Fix_alpha_pos-beta-exp_pos_
10,9,76.43082428551361,200249.0,0.4113060191563025,0.05,1.0,0.1920798914172991,0.5,0.015428861371304262,,,0.5140839557058963,,LearningParams_Fit_alpha_neg-exp_neg_Fix_alpha_pos-beta-exp_pos_
11,24,76.43082428551378,200249.0,0.3211507725229219,0.05,1.0,0.0630121284001618,0.5,0.015428857878849362,,,0.514083898744587,,LearningParams_Fit_alpha_neg-exp_neg_Fix_alpha_pos-beta-exp_pos_
12,27,76.4308242855139,200249.0,0.8046528293729246,0.05,1.0,0.9791196964953548,0.5,0.015428848382654656,,,0.514084191500582,,LearningParams_Fit_alpha_neg-exp_neg_Fix_alpha_pos-beta-exp_pos_
13,5,76.43082428551398,200249.0,0.0011956512690717294,0.05,1.0,0.7928164656711504,0.5,0.015428836776200891,,,0.51408412438979,,LearningParams_Fit_alpha_neg-exp_neg_Fix_alpha_pos-beta-exp_pos_
14,33,76.430824285514,200249.0,0.6569130855645048,0.05,1.0,0.364654510282222,0.5,0.015428856261589444,,,0.5140839040576635,,LearningParams_Fit_alpha_neg-exp_neg_Fix_alpha_pos-beta-exp_pos_
15,3,76.43082428551415,200249.0,0.623191982500186,0.05,1.0,0.5196218666900857,0.5,0.015428810379239443,,,0.5140845502273095,,LearningParams_Fit_alpha_neg-exp_neg_Fix_alpha_pos-beta-exp_pos_
16,47,76.43082428551423,200249.0,0.3168799575517811,0.05,1.0,0.4981766921411322,0.5,0.015428864951336515,,,0.514083905720211,,LearningParams_Fit_alpha_neg-exp_neg_Fix_alpha_pos-beta-exp_pos_
17,23,76.43082428551423,200249.0,0.28332268583340803,0.05,1.0,0.3133569363099027,0.5,0.015428852706024685,,,0.5140841336459552,,LearningParams_Fit_alpha_neg-exp_neg_Fix_alpha_pos-beta-exp_pos_
18,2,76.43082428551429,200249.0,0.6325606709155625,0.05,1.0,0.5511991144965458,0.5,0.015428864663246819,,,0.5140838373095546,,LearningParams_Fit_alpha_neg-exp_neg_Fix_alpha_pos-beta-exp_pos_
19,29,76.43082428551459,200249.0,0.2633736463557097,0.05,1.0,0.5415047748228532,0.5,0.015428819303412278,,,0.5140843631164258,,LearningParams_Fit_alpha_neg-exp_neg_Fix_alpha_pos-beta-exp_pos_
20,26,76.43082428551459,200249.0,0.7830315704969851,0.05,1.0,0.4840347819780114,0.5,0.015428860285088294,,,0.5140840200686958,,LearningParams_Fit_alpha_neg-exp_neg_Fix_alpha_pos-beta-exp_pos_
21,31,76.43082428551467,200249.0,0.3082090943808309,0.05,1.0,0.5201081288744644,0.5,0.015428816632247103,,,0.514084590873946,,LearningParams_Fit_alpha_neg-exp_neg_Fix_alpha_pos-beta-exp_pos_
22,28,76.43082428551472,200249.0,0.782104035787149,0.05,1.0,0.8825808093401651,0.5,0.015428832728816556,,,0.5140844170596113,,LearningParams_Fit_alpha_neg-exp_neg_Fix_alpha_pos-beta-exp_pos_
23,10,76.43082428551486,200249.0,0.7215168227374164,0.05,1.0,0.3521168876207018,0.5,0.015428839195002575,,,0.5140843386375388,,LearningParams_Fit_alpha_neg-exp_neg_Fix_alpha_pos-beta-exp_pos_
24,34,76.43082428551534,200249.0,0.6700616519581115,0.05,1.0,0.4969211304425135,0.5,0.015428871120380468,,,0.5140837981733506,,LearningParams_Fit_alpha_neg-exp_neg_Fix_alpha_pos-beta-exp_pos_
25,22,76.43082428551537,200249.0,0.9732320776151424,0.05,1.0,0.939973708363626,0.5,0.015428871051696331,,,0.5140837963705258,,LearningParams_Fit_alpha_neg-exp_neg_Fix_alpha_pos-beta-exp_pos_
26,43,76.43082428551537,200249.0,0.8514528345669848,0.05,1.0,0.5061582292710303,0.5,0.015428866912508984,,,0.5140837815761969,,LearningParams_Fit_alpha_neg-exp_neg_Fix_alpha_pos-beta-exp_pos_
27,45,76.43082428551557,200249.0,0.5425797911342831,0.05,1.0,0.7598273963025216,0.5,0.015428869748527491,,,0.5140838660466958,,LearningParams_Fit_alpha_neg-exp_neg_Fix_alpha_pos-beta-exp_pos_
28,12,76.43082428551567,200249.0,0.5632850288177533,0.05,1.0,0.8869607669385673,0.5,0.015428823959212294,,,0.5140842702565318,,LearningParams_Fit_alpha_neg-exp_neg_Fix_alpha_pos-beta-exp_pos_
29,4,76.43082428551615,200249.0,0.7350440506571032,0.05,1.0,0.26696016118585697,0.5,0.015428831487724497,,,0.5140844566638816,,LearningParams_Fit_alpha_neg-exp_neg_Fix_alpha_pos-beta-exp_pos_
30,18,76.4308242855165,200249.0,0.3756147635866607,0.05,1.0,0.04196967336060831,0.5,0.015428858482965819,,,0.5140840906596679,,LearningParams_Fit_alpha_neg-exp_neg_Fix_alpha_pos-beta-exp_pos_
31,44,76.43082428551709,200249.0,0.7536509478318858,0.05,1.0,0.1792006860397196,0.5,0.01542884373009349,,,0.5140843133235927,,LearningParams_Fit_alpha_neg-exp_neg_Fix_alpha_pos-beta-exp_pos_
32,40,76.43082428551746,200249.0,0.2930655603623016,0.05,1.0,0.4145450339860228,0.5,0.015428850320884131,,,0.5140839012530898,,LearningParams_Fit_alpha_neg-exp_neg_Fix_alpha_pos-beta-exp_pos_
33,35,76.43082428551801,200249.0,0.5369222678019427,0.05,1.0,0.6888857007925944,0.5,0.015428840976525244,,,0.5140843633099752,,LearningParams_Fit_alpha_neg-exp_neg_Fix_alpha_pos-beta-exp_pos_
34,7,76.43082428551827,200249.0,0.7868459108894538,0.05,1.0,0.6821562516907417,0.5,0.015428861130522846,,,0.5140837719186381,,LearningParams_Fit_alpha_neg-exp_neg_Fix_alpha_pos-beta-exp_pos_
35,48,76.43082428551861,200249.0,0.944392148380624,0.05,1.0,0.2115447798001846,0.5,0.01542886772789721,,,0.5140839782820619,,LearningParams_Fit_alpha_neg-exp_neg_Fix_alpha_pos-beta-exp_pos_
36,38,76.43082428551878,200249.0,0.2983461093735013,0.05,1.0,0.8449185527373908,0.5,0.015428808646277754,,,0.5140844547407384,,LearningParams_Fit_alpha_neg-exp_neg_Fix_alpha_pos-beta-exp_pos_
37,41,76.4308242855191,200249.0,0.04389436160033755,0.05,1.0,0.012956965643697749,0.5,0.0154288160044736,,,0.5140843346200683,,LearningParams_Fit_alpha_neg-exp_neg_Fix_alpha_pos-beta-exp_pos_
38,11,76.43082428551976,200249.0,0.5272548108387594,0.05,1.0,0.9893237295406428,0.5,0.015428811273902146,,,0.5140843975408496,,LearningParams_Fit_alpha_neg-exp_neg_Fix_alpha_pos-beta-exp_pos_
39,14,76.43082428551988,200249.0,0.9359121612885578,0.05,1.0,0.5498464844379772,0.5,0.015428880520347622,,,0.5140837685633686,,LearningParams_Fit_alpha_neg-exp_neg_Fix_alpha_pos-beta-exp_pos_
40,42,76.43082428552094,200249.0,0.5226799717370381,0.05,1.0,0.3542150550148549,0.5,0.015428791996295531,,,0.5140847108475325,,LearningParams_Fit_alpha_neg-exp_neg_Fix_alpha_pos-beta-exp_pos_
41,49,76.43082428552147,200249.0,0.08038952138781852,0.05,1.0,0.320724681193035,0.5,0.015428814070818073,,,0.5140843331046521,,LearningParams_Fit_alpha_neg-exp_neg_Fix_alpha_pos-beta-exp_pos_
42,1,76.43082428552236,200249.0,0.05647440556753457,0.05,1.0,0.2609710164425042,0.5,0.015428866073717509,,,0.5140840588885072,,LearningParams_Fit_alpha_neg-exp_neg_Fix_alpha_pos-beta-exp_pos_
43,19,76.43082428552309,200249.0,0.39097762376980094,0.05,1.0,0.7271488153506179,0.5,0.015428860180844894,,,0.5140841553311426,,LearningParams_Fit_alpha_neg-exp_neg_Fix_alpha_pos-beta-exp_pos_
44,21,76.43082428552677,200249.0,0.7590706855120127,0.05,1.0,0.09794037304725413,0.5,0.01542887728647106,,,0.5140835009728499,,LearningParams_Fit_alpha_neg-exp_neg_Fix_alpha_pos-beta-exp_pos_
45,15,76.43082428552766,200249.0,0.0981494661008786,0.05,1.0,0.4798599203169139,0.5,0.015428898684596154,,,0.5140835581009597,,LearningParams_Fit_alpha_neg-exp_neg_Fix_alpha_pos-beta-exp_pos_
46,16,76.43082428552995,200249.0,0.3800146685003556,0.05,1.0,0.6444053670967049,0.5,0.015428810793179409,,,0.5140848503156015,,LearningParams_Fit_alpha_neg-exp_neg_Fix_alpha_pos-beta-exp_pos_
47,6,226.62211949480442,200249.0,0.9223809131088356,0.05,1.0,0.4025127091261894,0.5,1.2721776656569173,,,-0.5868541837968817,,LearningParams_Fit_alpha_neg-exp_neg_Fix_alpha_pos-beta-exp_pos_
48,39,226.62211978367336,200249.0,0.9559939846991644,0.05,1.0,0.3837825895691193,0.5,1.272182554793072,,,-0.586857454933994,,LearningParams_Fit_alpha_neg-exp_neg_Fix_alpha_pos-beta-exp_pos_
49,8,,200249.0,0.9124673099856698,0.05,1.0,0.3238006641382337,0.5,inf,,,inf,,LearningParams_Fit_alpha_neg-exp_neg_Fix_alpha_pos-beta-exp_pos_
0,14,136.9471991420387,306587.0,0.4433097294345712,0.05,1.0,0.9330099169456992,0.5,0.5182488087363767,,,-0.17250771123981468,,LearningParams_Fit_alpha_neg-exp_neg_Fix_alpha_pos-beta-exp_pos_
1,40,136.94719914203915,306587.0,0.3928779924663318,0.05,1.0,0.38682486516544257,0.5,0.5182487885270142,,,-0.17250770757121986,,LearningParams_Fit_alpha_neg-exp_neg_Fix_alpha_pos-beta-exp_pos_
2,15,136.94719914203927,306587.0,0.8454211781243238,0.05,1.0,0.12377853257199922,0.5,0.5182487700990039,,,-0.1725076685412267,,LearningParams_Fit_alpha_neg-exp_neg_Fix_alpha_pos-beta-exp_pos_
3,45,136.94719914203992,306587.0,0.41602912873749703,0.05,1.0,0.9961484119543068,0.5,0.5182487552574946,,,-0.17250762965514888,,LearningParams_Fit_alpha_neg-exp_neg_Fix_alpha_pos-beta-exp_pos_
4,46,136.94719914204026,306587.0,0.6821105125530534,0.05,1.0,0.011030171124117194,0.5,0.5182489468653468,,,-0.17250767779809673,,LearningParams_Fit_alpha_neg-exp_neg_Fix_alpha_pos-beta-exp_pos_
5,27,136.94719914204083,306587.0,0.0815724575957445,0.05,1.0,0.10728590899762468,0.5,0.518248829334382,,,-0.17250778730400404,,LearningParams_Fit_alpha_neg-exp_neg_Fix_alpha_pos-beta-exp_pos_
6,49,136.94719914204092,306587.0,0.4879467797569517,0.05,1.0,0.2331530243932897,0.5,0.5182486935168578,,,-0.17250761121577513,,LearningParams_Fit_alpha_neg-exp_neg_Fix_alpha_pos-beta-exp_pos_
7,17,136.94719914204174,306587.0,0.173187779710678,0.05,1.0,0.3280455465150793,0.5,0.5182488986200584,,,-0.17250784679800038,,LearningParams_Fit_alpha_neg-exp_neg_Fix_alpha_pos-beta-exp_pos_
8,7,136.9471991420422,306587.0,0.019288049713853558,0.05,1.0,0.2935385684380182,0.5,0.5182491975247558,,,-0.17250796808072852,,LearningParams_Fit_alpha_neg-exp_neg_Fix_alpha_pos-beta-exp_pos_
9,2,136.94719914204256,306587.0,0.5806538510207205,0.05,1.0,0.7050556808298074,0.5,0.5182492848644288,,,-0.1725079456945282,,LearningParams_Fit_alpha_neg-exp_neg_Fix_alpha_pos-beta-exp_pos_
10,41,136.94719914204262,306587.0,0.2753106317259432,0.05,1.0,0.4779111938154758,0.5,0.518248823109442,,,-0.17250781072747126,,LearningParams_Fit_alpha_neg-exp_neg_Fix_alpha_pos-beta-exp_pos_
11,28,136.9471991420429,306587.0,0.33644240460165864,0.05,1.0,0.8305364060254216,0.5,0.518249203863305,,,-0.17250797912924842,,LearningParams_Fit_alpha_neg-exp_neg_Fix_alpha_pos-beta-exp_pos_
12,36,136.94719914204293,306587.0,0.8006381161620797,0.05,1.0,0.007156501048606656,0.5,0.5182486227155157,,,-0.17250763248176332,,LearningParams_Fit_alpha_neg-exp_neg_Fix_alpha_pos-beta-exp_pos_
13,5,136.947199142043,306587.0,0.513155924906499,0.05,1.0,0.6847719109797797,0.5,0.5182493013675891,,,-0.17250795912746014,,LearningParams_Fit_alpha_neg-exp_neg_Fix_alpha_pos-beta-exp_pos_
14,24,136.94719914204316,306587.0,0.09062521880964912,0.05,1.0,0.5453644228581067,0.5,0.5182489580421288,,,-0.17250764614368208,,LearningParams_Fit_alpha_neg-exp_neg_Fix_alpha_pos-beta-exp_pos_
15,30,136.94719914204336,306587.0,0.6755202521780724,0.05,1.0,0.9166635499311402,0.5,0.5182492898655854,,,-0.17250789167312275,,LearningParams_Fit_alpha_neg-exp_neg_Fix_alpha_pos-beta-exp_pos_
16,3,136.94719914204427,306587.0,0.9250036147120017,0.05,1.0,0.4755955494839594,0.5,0.5182486331297704,,,-0.1725075249572511,,LearningParams_Fit_alpha_neg-exp_neg_Fix_alpha_pos-beta-exp_pos_
17,32,136.9471991420447,306587.0,0.17245021566700292,0.05,1.0,0.6062808844922456,0.5,0.5182493440845359,,,-0.17250800200331287,,LearningParams_Fit_alpha_neg-exp_neg_Fix_alpha_pos-beta-exp_pos_
18,4,136.94719914204478,306587.0,0.07768296868966262,0.05,1.0,0.3547589758151133,0.5,0.518248551504224,,,-0.1725075486154924,,LearningParams_Fit_alpha_neg-exp_neg_Fix_alpha_pos-beta-exp_pos_
19,29,136.94719914204487,306587.0,0.6296332848872074,0.05,1.0,0.7046544157104861,0.5,0.5182486566181952,,,-0.17250771428672454,,LearningParams_Fit_alpha_neg-exp_neg_Fix_alpha_pos-beta-exp_pos_
20,8,136.947199142045,306587.0,0.044502909084115694,0.05,1.0,0.20342061100796416,0.5,0.5182486406219916,,,-0.17250751179845866,,LearningParams_Fit_alpha_neg-exp_neg_Fix_alpha_pos-beta-exp_pos_
21,13,136.94719914204538,306587.0,0.3564814478282854,0.05,1.0,0.12091287413732466,0.5,0.5182493152217869,,,-0.17250787948982946,,LearningParams_Fit_alpha_neg-exp_neg_Fix_alpha_pos-beta-exp_pos_
22,44,136.94719914204572,306587.0,0.7908149371235924,0.05,1.0,0.21350947563875555,0.5,0.5182487403455978,,,-0.17250779006899358,,LearningParams_Fit_alpha_neg-exp_neg_Fix_alpha_pos-beta-exp_pos_
23,37,136.94719914204586,306587.0,0.2251131778840485,0.05,1.0,0.023103213752852736,0.5,0.5182485564750939,,,-0.17250762338836412,,LearningParams_Fit_alpha_neg-exp_neg_Fix_alpha_pos-beta-exp_pos_
24,43,136.94719914204651,306587.0,0.02361681518363601,0.05,1.0,0.013570220549124934,0.5,0.5182489382216136,,,-0.17250791826666406,,LearningParams_Fit_alpha_neg-exp_neg_Fix_alpha_pos-beta-exp_pos_
25,16,136.947199142047,306587.0,0.4002954736209858,0.05,1.0,0.8672167918989048,0.5,0.5182493336350866,,,-0.17250787043359486,,LearningParams_Fit_alpha_neg-exp_neg_Fix_alpha_pos-beta-exp_pos_
26,39,136.9471991420476,306587.0,0.450644801807428,0.05,1.0,0.19856860819425348,0.5,0.5182490545028384,,,-0.17250798538108225,,LearningParams_Fit_alpha_neg-exp_neg_Fix_alpha_pos-beta-exp_pos_
27,26,136.94719914204774,306587.0,0.17399830326991628,0.05,1.0,0.6772869125891906,0.5,0.5182489052587058,,,-0.17250757354084406,,LearningParams_Fit_alpha_neg-exp_neg_Fix_alpha_pos-beta-exp_pos_
28,21,136.9471991420479,306587.0,0.7371338225249638,0.05,1.0,0.06103272363519085,0.5,0.5182484806852407,,,-0.17250755723025554,,LearningParams_Fit_alpha_neg-exp_neg_Fix_alpha_pos-beta-exp_pos_
29,33,136.94719914204828,306587.0,0.6640778967059887,0.05,1.0,0.3132186218064176,0.5,0.5182486856769086,,,-0.1725074834951757,,LearningParams_Fit_alpha_neg-exp_neg_Fix_alpha_pos-beta-exp_pos_
30,0,136.94719914205007,306587.0,0.2275989653303569,0.05,1.0,0.287794812674971,0.5,0.5182486240638917,,,-0.17250744879894805,,LearningParams_Fit_alpha_neg-exp_neg_Fix_alpha_pos-beta-exp_pos_
31,11,136.9471991420504,306587.0,0.6275247359757056,0.05,1.0,0.4106924511535179,0.5,0.518249064131387,,,-0.1725076366681561,,LearningParams_Fit_alpha_neg-exp_neg_Fix_alpha_pos-beta-exp_pos_
32,34,136.94719914205132,306587.0,0.4656947026438277,0.05,1.0,0.8075320780002244,0.5,0.5182487514585611,,,-0.1725078495811768,,LearningParams_Fit_alpha_neg-exp_neg_Fix_alpha_pos-beta-exp_pos_
33,20,136.94719914205587,306587.0,0.2415603447517485,0.05,1.0,0.10214075279053236,0.5,0.5182487073464496,,,-0.1725074295455789,,LearningParams_Fit_alpha_neg-exp_neg_Fix_alpha_pos-beta-exp_pos_
34,25,136.94719914205783,306587.0,0.1295926456916412,0.05,1.0,0.8438959024915094,0.5,0.5182495885125461,,,-0.17250818067330606,,LearningParams_Fit_alpha_neg-exp_neg_Fix_alpha_pos-beta-exp_pos_
35,31,136.94719914205814,306587.0,0.27542633506951264,0.05,1.0,0.9022811646067704,0.5,0.5182487171429243,,,-0.17250741834016298,,LearningParams_Fit_alpha_neg-exp_neg_Fix_alpha_pos-beta-exp_pos_
36,10,136.94719914206195,306587.0,0.11112263849875592,0.05,1.0,0.07303581316205643,0.5,0.518249696839498,,,-0.17250814855979454,,LearningParams_Fit_alpha_neg-exp_neg_Fix_alpha_pos-beta-exp_pos_
37,6,136.94719914206357,306587.0,0.8032541091398572,0.05,1.0,0.007715148401041816,0.5,0.5182492630855342,,,-0.17250767775694612,,LearningParams_Fit_alpha_neg-exp_neg_Fix_alpha_pos-beta-exp_pos_
38,18,136.9471991420653,306587.0,0.4029590589085103,0.05,1.0,0.7563914479863255,0.5,0.5182487414384733,,,-0.17250793055955035,,LearningParams_Fit_alpha_neg-exp_neg_Fix_alpha_pos-beta-exp_pos_
39,9,136.94719914206829,306587.0,0.10555321412975673,0.05,1.0,0.07867983191060958,0.5,0.5182485138509108,,,-0.17250779449174436,,LearningParams_Fit_alpha_neg-exp_neg_Fix_alpha_pos-beta-exp_pos_
40,48,136.94719914209162,306587.0,0.100461171769202,0.05,1.0,0.8483343103419725,0.5,0.5182478418248466,,,-0.1725071946660444,,LearningParams_Fit_alpha_neg-exp_neg_Fix_alpha_pos-beta-exp_pos_
41,42,140.0944905589641,306587.0,0.7089502369196721,0.05,1.0,0.4812861810323724,0.5,0.908872981192407,,,-0.2893409963529042,,LearningParams_Fit_alpha_neg-exp_neg_Fix_alpha_pos-beta-exp_pos_
42,23,140.09449055897622,306587.0,0.7885198706875952,0.05,1.0,0.3290126967357535,0.5,0.9088734462808136,,,-0.2893414755695636,,LearningParams_Fit_alpha_neg-exp_neg_Fix_alpha_pos-beta-exp_pos_
43,12,140.80437690612112,306587.0,0.8409584589612338,0.05,1.0,0.2977683184147353,0.5,1.0595532072987697,,,-0.32207624331436435,,LearningParams_Fit_alpha_neg-exp_neg_Fix_alpha_pos-beta-exp_pos_
44,22,140.804376906125,306587.0,0.7551276352762889,0.05,1.0,0.2439850321459589,0.5,1.0595532652156314,,,-0.32207629358561485,,LearningParams_Fit_alpha_neg-exp_neg_Fix_alpha_pos-beta-exp_pos_
45,1,140.80437690612519,306587.0,0.8388039841525656,0.05,1.0,0.5409718504563387,0.5,1.0595531426012281,,,-0.3220761883691218,,LearningParams_Fit_alpha_neg-exp_neg_Fix_alpha_pos-beta-exp_pos_
46,19,140.80437690614374,306587.0,0.947563996629324,0.05,1.0,0.7431473375864566,0.5,1.0595534291248705,,,-0.3220764363686133,,LearningParams_Fit_alpha_neg-exp_neg_Fix_alpha_pos-beta-exp_pos_
47,38,140.8043769061576,306587.0,0.9893688819987194,0.05,1.0,0.5763202667854802,0.5,1.059552659735683,,,-0.3220757618841087,,LearningParams_Fit_alpha_neg-exp_neg_Fix_alpha_pos-beta-exp_pos_
48,35,140.80437690622517,306587.0,0.9810291681951488,0.05,1.0,0.5085342405474917,0.5,1.0595537409155549,,,-0.3220767106425937,,LearningParams_Fit_alpha_neg-exp_neg_Fix_alpha_pos-beta-exp_pos_
49,47,142.28267923787743,306587.0,0.9976384494042384,0.05,1.0,0.4283549344265217,0.5,1.1743822983277956,,,-0.4155169357528259,,LearningParams_Fit_alpha_neg-exp_neg_Fix_alpha_pos-beta-exp_pos_
0,31,100.21114676371626,100207.0,0.049912064380060565,0.05,1.0,0.3613498120152087,0.5,0.08736522881731798,,,0.2379745379082945,,LearningParams_Fit_alpha_neg-exp_neg_Fix_alpha_pos-beta-exp_pos_
1,48,100.21114676371698,100207.0,0.5204665598324453,0.05,1.0,0.9873882985327562,0.5,0.0873652998068182,,,0.2379743751771499,,LearningParams_Fit_alpha_neg-exp_neg_Fix_alpha_pos-beta-exp_pos_
2,19,100.2111467637196,100207.0,0.3738998352214837,0.05,1.0,0.5801558612036787,0.5,0.08736526971493724,,,0.237974349664112,,LearningParams_Fit_alpha_neg-exp_neg_Fix_alpha_pos-beta-exp_pos_
3,36,100.21114676372015,100207.0,0.19217065941445244,0.05,1.0,0.13579935962569625,0.5,0.087365248937033,,,0.2379743966813731,,LearningParams_Fit_alpha_neg-exp_neg_Fix_alpha_pos-beta-exp_pos_
4,2,100.21114676372405,100207.0,0.956494100981011,0.05,1.0,0.8822580794121176,0.5,0.0873651704697562,,,0.23797477699905184,,LearningParams_Fit_alpha_neg-exp_neg_Fix_alpha_pos-beta-exp_pos_
5,17,100.21114676372437,100207.0,0.3354817521150486,0.05,1.0,0.15263702160911086,0.5,0.08736532070907489,,,0.2379744404850133,,LearningParams_Fit_alpha_neg-exp_neg_Fix_alpha_pos-beta-exp_pos_
6,32,100.21114676372521,100207.0,0.4712511133962093,0.05,1.0,0.00864087647554457,0.5,0.08736516057587977,,,0.2379746926391393,,LearningParams_Fit_alpha_neg-exp_neg_Fix_alpha_pos-beta-exp_pos_
7,27,100.21114676372663,100207.0,0.2693690148684281,0.05,1.0,0.5089650190628208,0.5,0.08736530152247965,,,0.23797421257868326,,LearningParams_Fit_alpha_neg-exp_neg_Fix_alpha_pos-beta-exp_pos_
8,20,100.21114676372702,100207.0,0.9327815717626092,0.05,1.0,0.7748780055101779,0.5,0.08736520606654041,,,0.2379744651609165,,LearningParams_Fit_alpha_neg-exp_neg_Fix_alpha_pos-beta-exp_pos_
9,43,100.21114676372768,100207.0,0.722417891544673,0.05,1.0,0.6398064766638665,0.5,0.08736520942754646,,,0.2379744478478588,,LearningParams_Fit_alpha_neg-exp_neg_Fix_alpha_pos-beta-exp_pos_
10,28,100.21114676372879,100207.0,0.1704573541540383,0.05,1.0,0.6612306254242478,0.5,0.08736517659246094,,,0.23797483555484464,,LearningParams_Fit_alpha_neg-exp_neg_Fix_alpha_pos-beta-exp_pos_
11,49,100.2111467637289,100207.0,0.9888213926072392,0.05,1.0,0.09029382681169527,0.5,0.08736537610813166,,,0.2379741914205367,,LearningParams_Fit_alpha_neg-exp_neg_Fix_alpha_pos-beta-exp_pos_
12,24,100.2111467637293,100207.0,0.2157796676804036,0.05,1.0,0.7904966609468188,0.5,0.08736514198794881,,,0.23797473343325184,,LearningParams_Fit_alpha_neg-exp_neg_Fix_alpha_pos-beta-exp_pos_
13,30,100.21114676372945,100207.0,0.6041056952064435,0.05,1.0,0.1393188022269738,0.5,0.08736532265844875,,,0.2379741526797571,,LearningParams_Fit_alpha_neg-exp_neg_Fix_alpha_pos-beta-exp_pos_
14,10,100.21114676372956,100207.0,0.2303698181045317,0.05,1.0,0.2301492580820579,0.5,0.0873653019648532,,,0.23797418949261825,,LearningParams_Fit_alpha_neg-exp_neg_Fix_alpha_pos-beta-exp_pos_
15,39,100.21114676373057,100207.0,0.457590227163629,0.05,1.0,0.9840999984492184,0.5,0.08736519843492438,,,0.23797481860469594,,LearningParams_Fit_alpha_neg-exp_neg_Fix_alpha_pos-beta-exp_pos_
16,40,100.21114676373098,100207.0,0.04023441534490624,0.05,1.0,0.842487477516208,0.5,0.08736518568419566,,,0.23797450483977176,,LearningParams_Fit_alpha_neg-exp_neg_Fix_alpha_pos-beta-exp_pos_
17,18,100.21114676373199,100207.0,0.5690559986293167,0.05,1.0,0.6617897124863407,0.5,0.08736512960361427,,,0.23797486996727235,,LearningParams_Fit_alpha_neg-exp_neg_Fix_alpha_pos-beta-exp_pos_
18,26,100.21114676373226,100207.0,0.18809729468032066,0.05,1.0,0.4451116141176794,0.5,0.08736512515950674,,,0.2379748472912955,,LearningParams_Fit_alpha_neg-exp_neg_Fix_alpha_pos-beta-exp_pos_
19,9,100.21114676373259,100207.0,0.14156359119166514,0.05,1.0,0.61622435157734,0.5,0.0873653214697111,,,0.23797413101116624,,LearningParams_Fit_alpha_neg-exp_neg_Fix_alpha_pos-beta-exp_pos_
20,21,100.21114676373342,100207.0,0.33414798933859624,0.05,1.0,0.8904122814211521,0.5,0.08736512051120872,,,0.2379748358353869,,LearningParams_Fit_alpha_neg-exp_neg_Fix_alpha_pos-beta-exp_pos_
21,7,100.21114676373392,100207.0,0.7613192238447355,0.05,1.0,0.8806849295901694,0.5,0.08736511881462464,,,0.2379748665933137,,LearningParams_Fit_alpha_neg-exp_neg_Fix_alpha_pos-beta-exp_pos_
22,14,100.2111467637348,100207.0,0.8187694604547651,0.05,1.0,0.9039316343683188,0.5,0.08736511607848532,,,0.2379748738819336,,LearningParams_Fit_alpha_neg-exp_neg_Fix_alpha_pos-beta-exp_pos_
23,13,100.21114676373544,100207.0,0.913186342333606,0.05,1.0,0.6620884944569245,0.5,0.08736511326505247,,,0.2379748681224013,,LearningParams_Fit_alpha_neg-exp_neg_Fix_alpha_pos-beta-exp_pos_
24,41,100.21114676373665,100207.0,0.09668260262647488,0.05,1.0,0.7156255041680109,0.5,0.08736540143889006,,,0.2379740522559181,,LearningParams_Fit_alpha_neg-exp_neg_Fix_alpha_pos-beta-exp_pos_
25,12,100.21114676373784,100207.0,0.12088533178211534,0.05,1.0,0.8216249015954276,0.5,0.0873654063403804,,,0.23797415461917934,,LearningParams_Fit_alpha_neg-exp_neg_Fix_alpha_pos-beta-exp_pos_
26,34,100.21114676373976,100207.0,0.3794615434315231,0.05,1.0,0.1566443701218564,0.5,0.08736541637315504,,,0.2379740575288777,,LearningParams_Fit_alpha_neg-exp_neg_Fix_alpha_pos-beta-exp_pos_
27,35,100.21114676374008,100207.0,0.5240128631103882,0.05,1.0,0.5899861653346871,0.5,0.08736535180602789,,,0.2379744485267148,,LearningParams_Fit_alpha_neg-exp_neg_Fix_alpha_pos-beta-exp_pos_
28,47,100.21114676374012,100207.0,0.6829582960617256,0.05,1.0,0.7204354397600496,0.5,0.08736509793063371,,,0.23797487833686864,,LearningParams_Fit_alpha_neg-exp_neg_Fix_alpha_pos-beta-exp_pos_
29,45,100.21114676374032,100207.0,0.8844859145669842,0.05,1.0,0.4285828337573787,0.5,0.08736527229816088,,,0.2379741913838073,,LearningParams_Fit_alpha_neg-exp_neg_Fix_alpha_pos-beta-exp_pos_
30,25,100.21114676374157,100207.0,0.58128814144905,0.05,1.0,0.10479007833191134,0.5,0.08736521083659939,,,0.2379743549324236,,LearningParams_Fit_alpha_neg-exp_neg_Fix_alpha_pos-beta-exp_pos_
31,3,100.21114676374188,100207.0,0.3204749672954236,0.05,1.0,0.4386692409744214,0.5,0.08736532931732474,,,0.2379745391279368,,LearningParams_Fit_alpha_neg-exp_neg_Fix_alpha_pos-beta-exp_pos_
32,42,100.2111467637425,100207.0,0.5156867587590312,0.05,1.0,0.6315234414747167,0.5,0.08736511714307021,,,0.23797470518614375,,LearningParams_Fit_alpha_neg-exp_neg_Fix_alpha_pos-beta-exp_pos_
33,1,100.2111467637426,100207.0,0.9900376652212498,0.05,1.0,0.17060010349410426,0.5,0.08736517822326009,,,0.23797445589663965,,LearningParams_Fit_alpha_neg-exp_neg_Fix_alpha_pos-beta-exp_pos_
34,22,100.21114676374285,100207.0,0.033322228700820584,0.05,1.0,0.9641079572606166,0.5,0.08736539938252473,,,0.2379742642273686,,LearningParams_Fit_alpha_neg-exp_neg_Fix_alpha_pos-beta-exp_pos_
35,11,100.2111467637433,100207.0,0.6198391278392574,0.05,1.0,0.9265051059816628,0.5,0.0873652325633125,,,0.2379742814275648,,LearningParams_Fit_alpha_neg-exp_neg_Fix_alpha_pos-beta-exp_pos_
36,5,100.21114676374631,100207.0,0.23306713713228774,0.05,1.0,0.9855577262779216,0.5,0.08736543468541476,,,0.2379739849023391,,LearningParams_Fit_alpha_neg-exp_neg_Fix_alpha_pos-beta-exp_pos_
37,29,100.21114676374901,100207.0,0.1252055249904669,0.05,1.0,0.38378268722332376,0.5,0.08736507600087305,,,0.23797502949399624,,LearningParams_Fit_alpha_neg-exp_neg_Fix_alpha_pos-beta-exp_pos_
38,8,100.21114676375204,100207.0,0.2791029362880413,0.05,1.0,0.248159064533894,0.5,0.08736544875351053,,,0.23797405252510784,,LearningParams_Fit_alpha_neg-exp_neg_Fix_alpha_pos-beta-exp_pos_
39,15,100.2111467637527,100207.0,0.7336333106781388,0.05,1.0,0.5518816258998948,0.5,0.08736515800681029,,,0.23797447417722314,,LearningParams_Fit_alpha_neg-exp_neg_Fix_alpha_pos-beta-exp_pos_
40,4,100.21114676375295,100207.0,0.6001174519881396,0.05,1.0,0.4981333755348008,0.5,0.08736526527071997,,,0.2379747825030949,,LearningParams_Fit_alpha_neg-exp_neg_Fix_alpha_pos-beta-exp_pos_
41,46,100.21114676375484,100207.0,0.9400591777574676,0.05,1.0,0.06961172661396288,0.5,0.0873652579094924,,,0.2379748097071376,,LearningParams_Fit_alpha_neg-exp_neg_Fix_alpha_pos-beta-exp_pos_
42,23,100.2111467637607,100207.0,0.4348255227057448,0.05,1.0,0.8994723010426809,0.5,0.0873653125588508,,,0.2379746792491801,,LearningParams_Fit_alpha_neg-exp_neg_Fix_alpha_pos-beta-exp_pos_
43,0,100.21114676376871,100207.0,0.9244245851422918,0.05,1.0,0.8668495171276596,0.5,0.08736549116201361,,,0.2379739220968204,,LearningParams_Fit_alpha_neg-exp_neg_Fix_alpha_pos-beta-exp_pos_
44,16,100.211146763775,100207.0,0.4114556547085919,0.05,1.0,0.7504560297475829,0.5,0.08736541559636637,,,0.2379743827349948,,LearningParams_Fit_alpha_neg-exp_neg_Fix_alpha_pos-beta-exp_pos_
45,44,100.21114676378427,100207.0,0.027201395294304983,0.05,1.0,0.7145148332577793,0.5,0.08736552459020748,,,0.2379737816061369,,LearningParams_Fit_alpha_neg-exp_neg_Fix_alpha_pos-beta-exp_pos_
46,6,100.21114676379308,100207.0,0.17178218649945565,0.05,1.0,0.6088870632198036,0.5,0.08736534619953493,,,0.23797468763178145,,LearningParams_Fit_alpha_neg-exp_neg_Fix_alpha_pos-beta-exp_pos_
47,38,100.21114676392118,100207.0,0.2508727402237371,0.05,1.0,0.5825018057963869,0.5,0.0873657188589641,,,0.23797331623573426,,LearningParams_Fit_alpha_neg-exp_neg_Fix_alpha_pos-beta-exp_pos_
48,33,168.56333280982383,100207.0,0.8687780490451179,0.05,1.0,0.2769564803548259,0.5,1.1792389927586666,,,-0.516141092137556,,LearningParams_Fit_alpha_neg-exp_neg_Fix_alpha_pos-beta-exp_pos_
49,37,170.77432414836736,100207.0,0.963783790132441,0.05,1.0,0.3680570004171525,0.5,1.2698729445989922,,,-0.6738358013712799,,LearningParams_Fit_alpha_neg-exp_neg_Fix_alpha_pos-beta-exp_pos_
0,0,16.182792096346063,1001102.0,0.1697643630881457,0.05,1.0,0.09738981346165976,0.5,-0.005009003712612007,,,1.390665955602031,,LearningParams_Fit_alpha_neg-exp_neg_Fix_alpha_pos-beta-exp_pos_
1,11,16.182792096346226,1001102.0,0.434817785894011,0.05,1.0,0.10054688248328958,0.5,-0.005016408655086647,,,1.390035995770306,,LearningParams_Fit_alpha_neg-exp_neg_Fix_alpha_pos-beta-exp_pos_
2,12,16.182792096346237,1001102.0,0.6297890292167299,0.05,1.0,0.13929870830696697,0.5,-0.005024886285391687,,,1.3893199467638804,,LearningParams_Fit_alpha_neg-exp_neg_Fix_alpha_pos-beta-exp_pos_
3,3,16.18279209634624,1001102.0,0.8410472150590336,0.05,1.0,0.10464551893352624,0.5,-0.005025813186293507,,,1.3892413518702318,,LearningParams_Fit_alpha_neg-exp_neg_Fix_alpha_pos-beta-exp_pos_
4,36,16.18279209634627,1001102.0,0.5557193354389289,0.05,1.0,0.12581614331927982,0.5,-0.0050286023290132785,,,1.3890049705882213,,LearningParams_Fit_alpha_neg-exp_neg_Fix_alpha_pos-beta-exp_pos_
5,25,16.182792096346336,1001102.0,0.9369801702206564,0.05,1.0,0.1414447056937781,0.5,-0.005030777170255551,,,1.3888201712562456,,LearningParams_Fit_alpha_neg-exp_neg_Fix_alpha_pos-beta-exp_pos_
6,9,16.18279209634637,1001102.0,0.35919191604873424,0.05,1.0,0.037575401343996166,0.5,-0.005036358404501506,,,1.3883498542944517,,LearningParams_Fit_alpha_neg-exp_neg_Fix_alpha_pos-beta-exp_pos_
7,29,16.18279209634645,1001102.0,0.031252230987893426,0.05,1.0,0.03553106975007403,0.5,-0.0050426948684683046,,,1.3878154217270984,,LearningParams_Fit_alpha_neg-exp_neg_Fix_alpha_pos-beta-exp_pos_
8,41,16.182792096346628,1001102.0,0.6110295156250499,0.05,1.0,0.007514033194390812,0.5,-0.00505369919336734,,,1.386886931084493,,LearningParams_Fit_alpha_neg-exp_neg_Fix_alpha_pos-beta-exp_pos_
9,1,16.182792096347402,1001102.0,0.4291706895878484,0.05,1.0,0.12807232323673312,0.5,-0.00509094320513988,,,1.3837630111804513,,LearningParams_Fit_alpha_neg-exp_neg_Fix_alpha_pos-beta-exp_pos_
10,32,16.182792096348052,1001102.0,0.2476461372888568,0.05,1.0,0.15965127813185198,0.5,-0.005125741799428676,,,1.3808675510185011,,LearningParams_Fit_alpha_neg-exp_neg_Fix_alpha_pos-beta-exp_pos_
11,33,17.947599494465514,1001102.0,0.7465564962569831,0.05,1.0,0.5723434614640991,0.5,3.952092565298908,,,-14.358303285525519,,LearningParams_Fit_alpha_neg-exp_neg_Fix_alpha_pos-beta-exp_pos_
12,31,17.947599494465514,1001102.0,0.8852756242803902,0.05,1.0,0.4499889593205921,0.5,5.442303036945792,,,-14.50708375307135,,LearningParams_Fit_alpha_neg-exp_neg_Fix_alpha_pos-beta-exp_pos_
13,20,17.947599494465514,1001102.0,0.0349873951363372,0.05,1.0,0.17867347004457326,0.5,0.4635584277534838,,,-13.452816737212784,,LearningParams_Fit_alpha_neg-exp_neg_Fix_alpha_pos-beta-exp_pos_
14,24,17.947599494465514,1001102.0,0.360858092887868,0.05,1.0,0.641994931499991,0.5,1.6431560326307355,,,-14.000316028043054,,LearningParams_Fit_alpha_neg-exp_neg_Fix_alpha_pos-beta-exp_pos_
15,6,17.947599494465514,1001102.0,0.5029759415981504,0.05,1.0,0.5776635067727507,0.5,2.6268305360075304,,,-14.19304850965436,,LearningParams_Fit_alpha_neg-exp_neg_Fix_alpha_pos-beta-exp_pos_
16,2,17.947599494465514,1001102.0,0.3441393143550886,0.05,1.0,0.20637117520945286,0.5,4.20274886506952,,,-14.389577838234215,,LearningParams_Fit_alpha_neg-exp_neg_Fix_alpha_pos-beta-exp_pos_
17,8,17.947599494465514,1001102.0,0.9914072121067614,0.05,1.0,0.2127641747725352,0.5,12.107409301118741,,,-14.83534050222744,,LearningParams_Fit_alpha_neg-exp_neg_Fix_alpha_pos-beta-exp_pos_
18,49,17.947599494465514,1001102.0,0.9456011868328672,0.05,1.0,0.5511734575619918,0.5,5.180742658404312,,,-14.480910210051455,,LearningParams_Fit_alpha_neg-exp_neg_Fix_alpha_pos-beta-exp_pos_
19,19,17.947599494465514,1001102.0,0.8950165715483114,0.05,1.0,0.27727415733119865,0.5,8.903437372263951,,,-15.278469469032519,,LearningParams_Fit_alpha_neg-exp_neg_Fix_alpha_pos-beta-exp_pos_
20,47,17.947599494465514,1001102.0,0.07450491601815368,0.05,1.0,0.7426992349431948,0.5,0.31325169939331515,,,-13.902546362537265,,LearningParams_Fit_alpha_neg-exp_neg_Fix_alpha_pos-beta-exp_pos_
21,45,17.947599494465514,1001102.0,0.09054963631432378,0.05,1.0,0.5705700967424031,0.5,0.4517378987641141,,,-13.611049953314831,,LearningParams_Fit_alpha_neg-exp_neg_Fix_alpha_pos-beta-exp_pos_
22,42,17.947599494465514,1001102.0,0.01641011974445028,0.05,1.0,0.9308689668175266,0.5,0.05374234088769543,,,-12.708724931545348,,LearningParams_Fit_alpha_neg-exp_neg_Fix_alpha_pos-beta-exp_pos_
23,16,17.947599494465514,1001102.0,0.052429175067681855,0.05,1.0,0.2998115748511706,0.5,0.4128215132413606,,,-13.182793998086094,,LearningParams_Fit_alpha_neg-exp_neg_Fix_alpha_pos-beta-exp_pos_
24,40,17.947599494465514,1001102.0,0.8366057029136024,0.05,1.0,0.5520546546812035,0.5,4.533295877831288,,,-14.272715375416615,,LearningParams_Fit_alpha_neg-exp_neg_Fix_alpha_pos-beta-exp_pos_
25,39,17.947599494465514,1001102.0,0.18553488851691569,0.05,1.0,0.3850090252181706,0.5,1.3293126325861415,,,-14.512941524575306,,LearningParams_Fit_alpha_neg-exp_neg_Fix_alpha_pos-beta-exp_pos_
26,38,17.947599494465514,1001102.0,0.7281254356601966,0.05,1.0,0.752991992372977,0.5,3.061362152753471,,,-14.095215925980215,,LearningParams_Fit_alpha_neg-exp_neg_Fix_alpha_pos-beta-exp_pos_
27,37,17.947599494465514,1001102.0,0.24258489182551998,0.05,1.0,0.6390407883762264,0.5,1.1059466539263338,,,-13.967222449928867,,LearningParams_Fit_alpha_neg-exp_neg_Fix_alpha_pos-beta-exp_pos_
28,4,17.947599494465514,1001102.0,0.5007169642392711,0.05,1.0,0.3302973509826244,0.5,3.9425898770299397,,,-14.523261612827856,,LearningParams_Fit_alpha_neg-exp_neg_Fix_alpha_pos-beta-exp_pos_
29,35,17.947599494465514,1001102.0,0.18465865998841968,0.05,1.0,0.2566945096388156,0.5,1.8369456686247567,,,-14.144481642767376,,LearningParams_Fit_alpha_neg-exp_neg_Fix_alpha_pos-beta-exp_pos_
30,18,17.947599494465514,1001102.0,0.3925690329170113,0.05,1.0,0.21893249864195785,0.5,4.7941894132184455,,,-15.265437274998154,,LearningParams_Fit_alpha_neg-exp_neg_Fix_alpha_pos-beta-exp_pos_
31,5,17.947599494465514,1001102.0,0.10442947497913724,0.05,1.0,0.5725645883788909,0.5,0.5209822315835451,,,-13.65862890189749,,LearningParams_Fit_alpha_neg-exp_neg_Fix_alpha_pos-beta-exp_pos_
32,34,17.947599494465514,1001102.0,0.3220149915008015,0.05,1.0,0.7535357187487995,0.5,1.353893792634722,,,-14.105393910274145,,LearningParams_Fit_alpha_neg-exp_neg_Fix_alpha_pos-beta-exp_pos_
33,7,17.947599494465514,1001102.0,0.18266214999056485,0.05,1.0,0.6930653285265492,0.5,0.8003755053865121,,,-14.060732057884904,,LearningParams_Fit_alpha_neg-exp_neg_Fix_alpha_pos-beta-exp_pos_
34,21,17.947599494465514,1001102.0,0.5813486277759994,0.05,1.0,0.3359349752985541,0.5,4.577474658517173,,,-14.771149440482256,,LearningParams_Fit_alpha_neg-exp_neg_Fix_alpha_pos-beta-exp_pos_
35,22,17.947599494465514,1001102.0,0.14021057762448694,0.05,1.0,0.3572902155164728,0.5,1.0542887235945195,,,-14.589112040834827,,LearningParams_Fit_alpha_neg-exp_neg_Fix_alpha_pos-beta-exp_pos_
36,14,17.947599494465514,1001102.0,0.9216984605356168,0.05,1.0,0.7815967425527665,0.5,3.8752289717450856,,,-14.63066668027334,,LearningParams_Fit_alpha_neg-exp_neg_Fix_alpha_pos-beta-exp_pos_
37,48,17.947599494465514,1001102.0,0.14434770730495114,0.05,1.0,0.27298523356879034,0.5,1.3748603719131922,,,-14.759067283578476,,LearningParams_Fit_alpha_neg-exp_neg_Fix_alpha_pos-beta-exp_pos_
38,10,17.947599494465514,1001102.0,0.8193964132445541,0.05,1.0,0.5344516325623136,0.5,4.4400442998831835,,,-13.817610210883279,,LearningParams_Fit_alpha_neg-exp_neg_Fix_alpha_pos-beta-exp_pos_
39,23,17.947599494465514,1001102.0,0.015223509267660031,0.05,1.0,0.8789808905654408,0.5,0.05091921915742083,,,-12.940075122337925,,LearningParams_Fit_alpha_neg-exp_neg_Fix_alpha_pos-beta-exp_pos_
40,28,17.947599494465514,1001102.0,0.7612330484907583,0.05,1.0,0.6768709621421077,0.5,3.4704681585942367,,,-14.794059268358154,,LearningParams_Fit_alpha_neg-exp_neg_Fix_alpha_pos-beta-exp_pos_
41,17,17.947599494465514,1001102.0,0.8469991116519294,0.05,1.0,0.98918527693285,0.5,2.8330217845346377,,,-14.562468798596404,,LearningParams_Fit_alpha_neg-exp_neg_Fix_alpha_pos-beta-exp_pos_
42,30,17.947599494465514,1001102.0,0.8790344691859749,0.05,1.0,0.20982945905924946,0.5,10.735074324918418,,,-14.630712505383627,,LearningParams_Fit_alpha_neg-exp_neg_Fix_alpha_pos-beta-exp_pos_
43,26,17.947599494465514,1001102.0,0.4028415262492096,0.05,1.0,0.3599124024098006,0.5,3.029095847943963,,,-14.696182922480636,,LearningParams_Fit_alpha_neg-exp_neg_Fix_alpha_pos-beta-exp_pos_
44,15,17.947599494465514,1001102.0,0.8610759516887644,0.05,1.0,0.8218169240899249,0.5,3.4028792422334666,,,-15.030301216017886,,LearningParams_Fit_alpha_neg-exp_neg_Fix_alpha_pos-beta-exp_pos_
45,27,17.94759949446552,1001102.0,0.9688968372075496,0.05,1.0,0.8683323616812552,0.5,4.073671873116757,,,-16.254265991385452,,LearningParams_Fit_alpha_neg-exp_neg_Fix_alpha_pos-beta-exp_pos_
46,43,17.94759949446552,1001102.0,0.7123792764246981,0.05,1.0,0.8274339562818791,0.5,2.9951583181202084,,,-15.488690977346046,,LearningParams_Fit_alpha_neg-exp_neg_Fix_alpha_pos-beta-exp_pos_
47,44,17.94759949446552,1001102.0,0.3058513625906231,0.05,1.0,0.2946543370087851,0.5,3.0425452875541685,,,-16.236158952705246,,LearningParams_Fit_alpha_neg-exp_neg_Fix_alpha_pos-beta-exp_pos_
48,46,17.94759949446552,1001102.0,0.625212324117009,0.05,1.0,0.18477954421288575,0.5,9.818653507603944,,,-17.26011015917515,,LearningParams_Fit_alpha_neg-exp_neg_Fix_alpha_pos-beta-exp_pos_
49,13,17.94759949446552,1001102.0,0.8213781064628032,0.05,1.0,0.7298168143592226,0.5,4.450782454865972,,,-18.868544226943825,,LearningParams_Fit_alpha_neg-exp_neg_Fix_alpha_pos-beta-exp_pos_
0,25,98.43850583271211,100059.0,0.4261069030328519,0.05,1.0,0.6923049578800738,0.5,0.17096588037690766,,,-0.17599330418775727,,LearningParams_Fit_alpha_neg-exp_neg_Fix_alpha_pos-beta-exp_pos_
1,5,98.4385058327123,100059.0,0.9460431175424568,0.05,1.0,0.08694038608312749,0.5,0.17096589657877007,,,-0.17599334956260027,,LearningParams_Fit_alpha_neg-exp_neg_Fix_alpha_pos-beta-exp_pos_
2,9,98.43850583271231,100059.0,0.8710436261462603,0.05,1.0,0.8659606368257143,0.5,0.17096590416485874,,,-0.17599335926700166,,LearningParams_Fit_alpha_neg-exp_neg_Fix_alpha_pos-beta-exp_pos_
3,48,98.43850583271231,100059.0,0.5330041129024277,0.05,1.0,0.5376862085387103,0.5,0.17096589202404242,,,-0.17599334500613606,,LearningParams_Fit_alpha_neg-exp_neg_Fix_alpha_pos-beta-exp_pos_
4,21,98.43850583271255,100059.0,0.1808688535439389,0.05,1.0,0.8488501170934457,0.5,0.17096584076081073,,,-0.17599308742189354,,LearningParams_Fit_alpha_neg-exp_neg_Fix_alpha_pos-beta-exp_pos_
5,20,98.43850583271269,100059.0,0.07220604602760207,0.05,1.0,0.06999657936216175,0.5,0.17096579472701395,,,-0.17599301907243825,,LearningParams_Fit_alpha_neg-exp_neg_Fix_alpha_pos-beta-exp_pos_
6,34,98.4385058327128,100059.0,0.9166684694875202,0.05,1.0,0.9157624218108036,0.5,0.17096579248635013,,,-0.175993008321032,,LearningParams_Fit_alpha_neg-exp_neg_Fix_alpha_pos-beta-exp_pos_
7,8,98.43850583271283,100059.0,0.061128287442575376,0.05,1.0,0.5481907775033084,0.5,0.17096593161033488,,,-0.17599336678911442,,LearningParams_Fit_alpha_neg-exp_neg_Fix_alpha_pos-beta-exp_pos_
8,11,98.43850583271288,100059.0,0.8076143705899945,0.05,1.0,0.0913878597179798,0.5,0.17096578543240112,,,-0.17599297183212725,,LearningParams_Fit_alpha_neg-exp_neg_Fix_alpha_pos-beta-exp_pos_
9,46,98.43850583271308,100059.0,0.3472282109914778,0.05,1.0,0.34788355017407546,0.5,0.17096580030209635,,,-0.1759929769212272,,LearningParams_Fit_alpha_neg-exp_neg_Fix_alpha_pos-beta-exp_pos_
10,3,98.43850583271308,100059.0,0.1665404675303488,0.05,1.0,0.4502625909243641,0.5,0.1709659459322791,,,-0.17599344071815565,,LearningParams_Fit_alpha_neg-exp_neg_Fix_alpha_pos-beta-exp_pos_
11,45,98.43850583271316,100059.0,0.8586690345015882,0.05,1.0,0.6666773297091307,0.5,0.17096581613564574,,,-0.1759931863360964,,LearningParams_Fit_alpha_neg-exp_neg_Fix_alpha_pos-beta-exp_pos_
12,15,98.43850583271319,100059.0,0.9924384946531506,0.05,1.0,0.9894015851106609,0.5,0.17096592670744687,,,-0.17599346789491882,,LearningParams_Fit_alpha_neg-exp_neg_Fix_alpha_pos-beta-exp_pos_
13,36,98.43850583271336,100059.0,0.3633923075836033,0.05,1.0,0.6630325712015296,0.5,0.17096578680943764,,,-0.17599308639445874,,LearningParams_Fit_alpha_neg-exp_neg_Fix_alpha_pos-beta-exp_pos_
14,49,98.4385058327135,100059.0,0.674898341957668,0.05,1.0,0.9080601152080352,0.5,0.1709657731712742,,,-0.17599303622105708,,LearningParams_Fit_alpha_neg-exp_neg_Fix_alpha_pos-beta-exp_pos_
15,1,98.43850583271367,100059.0,0.7549747305881874,0.05,1.0,0.868264641171087,0.5,0.1709658728462861,,,-0.17599311301159232,,LearningParams_Fit_alpha_neg-exp_neg_Fix_alpha_pos-beta-exp_pos_
16,0,98.43850583271367,100059.0,0.21296709176402484,0.05,1.0,0.09618993154332578,0.5,0.17096578283065578,,,-0.17599291853289828,,LearningParams_Fit_alpha_neg-exp_neg_Fix_alpha_pos-beta-exp_pos_
17,26,98.43850583271372,100059.0,0.8759776147693297,0.05,1.0,0.3753697701010333,0.5,0.17096584805248366,,,-0.17599330779451489,,LearningParams_Fit_alpha_neg-exp_neg_Fix_alpha_pos-beta-exp_pos_
18,27,98.43850583271391,100059.0,0.5169467787046036,0.05,1.0,0.3742972563426816,0.5,0.17096592985234346,,,-0.17599328561447294,,LearningParams_Fit_alpha_neg-exp_neg_Fix_alpha_pos-beta-exp_pos_
19,43,98.43850583271394,100059.0,0.5004981735516592,0.05,1.0,0.06467759949410656,0.5,0.17096579557594474,,,-0.17599292699293018,,LearningParams_Fit_alpha_neg-exp_neg_Fix_alpha_pos-beta-exp_pos_
20,12,98.438505832714,100059.0,0.19329640720691801,0.05,1.0,0.7208498595397383,0.5,0.17096577219048573,,,-0.17599288301741306,,LearningParams_Fit_alpha_neg-exp_neg_Fix_alpha_pos-beta-exp_pos_
21,30,98.43850583271427,100059.0,0.02999865085490616,0.05,1.0,0.6685792724213766,0.5,0.17096595056057545,,,-0.17599354611279347,,LearningParams_Fit_alpha_neg-exp_neg_Fix_alpha_pos-beta-exp_pos_
22,47,98.43850583271428,100059.0,0.5764329348098318,0.05,1.0,0.8274264116486845,0.5,0.1709657580557985,,,-0.17599301495986605,,LearningParams_Fit_alpha_neg-exp_neg_Fix_alpha_pos-beta-exp_pos_
23,14,98.43850583271437,100059.0,0.08725913531240881,0.05,1.0,0.4013666774921927,0.5,0.17096576341513012,,,-0.17599304614700892,,LearningParams_Fit_alpha_neg-exp_neg_Fix_alpha_pos-beta-exp_pos_
24,31,98.43850583271448,100059.0,0.7221665224005199,0.05,1.0,0.6916643448559976,0.5,0.1709659801342089,,,-0.1759934730568919,,LearningParams_Fit_alpha_neg-exp_neg_Fix_alpha_pos-beta-exp_pos_
25,6,98.43850583271448,100059.0,0.6657404895636552,0.05,1.0,0.8813544254557825,0.5,0.17096574186990016,,,-0.17599284940487447,,LearningParams_Fit_alpha_neg-exp_neg_Fix_alpha_pos-beta-exp_pos_
26,38,98.43850583271455,100059.0,0.1953420894494038,0.05,1.0,0.8134432684160828,0.5,0.17096597299515387,,,-0.17599344389481908,,LearningParams_Fit_alpha_neg-exp_neg_Fix_alpha_pos-beta-exp_pos_
27,22,98.43850583271455,100059.0,0.3514238014165225,0.05,1.0,0.3706659019562446,0.5,0.1709659779457629,,,-0.1759934650551221,,LearningParams_Fit_alpha_neg-exp_neg_Fix_alpha_pos-beta-exp_pos_
28,32,98.43850583271455,100059.0,0.7052578836176109,0.05,1.0,0.1569421466161488,0.5,0.17096582729633952,,,-0.17599297134286102,,LearningParams_Fit_alpha_neg-exp_neg_Fix_alpha_pos-beta-exp_pos_
29,28,98.43850583271464,100059.0,0.1092084974005708,0.05,1.0,0.9486275148567636,0.5,0.1709657319863409,,,-0.17599287440262135,,LearningParams_Fit_alpha_neg-exp_neg_Fix_alpha_pos-beta-exp_pos_
30,7,98.43850583271481,100059.0,0.7393852495626119,0.05,1.0,0.6967447884077376,0.5,0.17096573276672586,,,-0.17599292454419432,,LearningParams_Fit_alpha_neg-exp_neg_Fix_alpha_pos-beta-exp_pos_
31,33,98.43850583271505,100059.0,0.3876133669056179,0.05,1.0,0.950276652055688,0.5,0.17096592777380934,,,-0.17599353685828906,,LearningParams_Fit_alpha_neg-exp_neg_Fix_alpha_pos-beta-exp_pos_
32,35,98.43850583271512,100059.0,0.06433586655747725,0.05,1.0,0.7815183164430058,0.5,0.1709657383488135,,,-0.17599280012174734,,LearningParams_Fit_alpha_neg-exp_neg_Fix_alpha_pos-beta-exp_pos_
33,13,98.4385058327152,100059.0,0.5190884053379216,0.05,1.0,0.8502719768283094,0.5,0.17096583082844258,,,-0.1759933012688496,,LearningParams_Fit_alpha_neg-exp_neg_Fix_alpha_pos-beta-exp_pos_
34,39,98.43850583271522,100059.0,0.2861075125971829,0.05,1.0,0.2986175461978776,0.5,0.17096577187315398,,,-0.1759931128379127,,LearningParams_Fit_alpha_neg-exp_neg_Fix_alpha_pos-beta-exp_pos_
35,2,98.43850583271576,100059.0,0.3016862313213391,0.05,1.0,0.9156462786567672,0.5,0.17096577683066888,,,-0.17599314652945405,,LearningParams_Fit_alpha_neg-exp_neg_Fix_alpha_pos-beta-exp_pos_
36,4,98.43850583271593,100059.0,0.900865954904803,0.05,1.0,0.8896927345133302,0.5,0.17096571783862402,,,-0.17599274880985633,,LearningParams_Fit_alpha_neg-exp_neg_Fix_alpha_pos-beta-exp_pos_
37,19,98.4385058327161,100059.0,0.25012729056333016,0.05,1.0,0.1998580788528228,0.5,0.17096599422559586,,,-0.1759934531020001,,LearningParams_Fit_alpha_neg-exp_neg_Fix_alpha_pos-beta-exp_pos_
38,17,98.4385058327164,100059.0,0.2789720225688049,0.05,1.0,0.6604819474751271,0.5,0.17096598038688166,,,-0.17599367139335054,,LearningParams_Fit_alpha_neg-exp_neg_Fix_alpha_pos-beta-exp_pos_
39,24,98.43850583271679,100059.0,0.2722233195026075,0.05,1.0,0.9063197366369928,0.5,0.17096578601213208,,,-0.17599320630089332,,LearningParams_Fit_alpha_neg-exp_neg_Fix_alpha_pos-beta-exp_pos_
40,16,98.438505832717,100059.0,0.8080931329817129,0.05,1.0,0.16654444592118867,0.5,0.17096573391400116,,,-0.1759930267638682,,LearningParams_Fit_alpha_neg-exp_neg_Fix_alpha_pos-beta-exp_pos_
41,10,98.43850583271706,100059.0,0.9895505978233982,0.05,1.0,0.009280049620596588,0.5,0.1709657138143713,,,-0.17599294290126005,,LearningParams_Fit_alpha_neg-exp_neg_Fix_alpha_pos-beta-exp_pos_
42,41,98.43850583271723,100059.0,0.9155171797140796,0.05,1.0,0.9727950902183504,0.5,0.17096584822898267,,,-0.17599340048257772,,LearningParams_Fit_alpha_neg-exp_neg_Fix_alpha_pos-beta-exp_pos_
43,37,98.43850583271788,100059.0,0.966695761602848,0.05,1.0,0.5491001029348039,0.5,0.17096570234020142,,,-0.17599291715272694,,LearningParams_Fit_alpha_neg-exp_neg_Fix_alpha_pos-beta-exp_pos_
44,18,98.43850583271815,100059.0,0.22661514575834485,0.05,1.0,0.4029760243651761,0.5,0.17096605224425954,,,-0.1759936840524038,,LearningParams_Fit_alpha_neg-exp_neg_Fix_alpha_pos-beta-exp_pos_
45,23,98.43850583271973,100059.0,0.6695287325324685,0.05,1.0,0.15026143350388446,0.5,0.1709658608590485,,,-0.17599348220891745,,LearningParams_Fit_alpha_neg-exp_neg_Fix_alpha_pos-beta-exp_pos_
46,42,98.43850583272074,100059.0,0.5776212217172115,0.05,1.0,0.5035365721857439,0.5,0.17096606382714566,,,-0.1759936090474029,,LearningParams_Fit_alpha_neg-exp_neg_Fix_alpha_pos-beta-exp_pos_
47,40,98.43850583272148,100059.0,0.0019719498904983146,0.05,1.0,0.6806410610621606,0.5,0.17096589537157705,,,-0.1759930073036708,,LearningParams_Fit_alpha_neg-exp_neg_Fix_alpha_pos-beta-exp_pos_
48,29,98.43850583272732,100059.0,0.693722807938031,0.05,1.0,0.2760463196721388,0.5,0.1709657740518708,,,-0.17599261881474673,,LearningParams_Fit_alpha_neg-exp_neg_Fix_alpha_pos-beta-exp_pos_
49,44,163.34598525776846,100059.0,0.9668290744032,0.05,1.0,0.31338423890568945,0.5,1.5437297636888587,,,-0.9092855655407835,,LearningParams_Fit_alpha_neg-exp_neg_Fix_alpha_pos-beta-exp_pos_
0,18,99.91084560586829,405027.0,0.07153229549364315,0.05,1.0,0.021384508933897428,0.5,0.019098617433531282,,,0.5288555924120891,,LearningParams_Fit_alpha_neg-exp_neg_Fix_alpha_pos-beta-exp_pos_
1,39,99.9108456058684,405027.0,0.29219416344404325,0.05,1.0,0.9584136085589572,0.5,0.019098586891599496,,,0.5288558355475503,,LearningParams_Fit_alpha_neg-exp_neg_Fix_alpha_pos-beta-exp_pos_
2,41,99.91084560586891,405027.0,0.2039965440120951,0.05,1.0,0.9821263524931236,0.5,0.019098623034630457,,,0.5288554486652066,,LearningParams_Fit_alpha_neg-exp_neg_Fix_alpha_pos-beta-exp_pos_
3,8,99.91084560586891,405027.0,0.2457514062936247,0.05,1.0,0.7718444694557243,0.5,0.019098579222569332,,,0.5288559407708446,,LearningParams_Fit_alpha_neg-exp_neg_Fix_alpha_pos-beta-exp_pos_
4,33,99.91084560586913,405027.0,0.7905398166934725,0.05,1.0,0.806394392419859,0.5,0.019098578007307347,,,0.5288559624134659,,LearningParams_Fit_alpha_neg-exp_neg_Fix_alpha_pos-beta-exp_pos_
5,44,99.91084560586927,405027.0,0.6222012309182497,0.05,1.0,0.001827639522063107,0.5,0.019098577365684585,,,0.528855983528447,,LearningParams_Fit_alpha_neg-exp_neg_Fix_alpha_pos-beta-exp_pos_
6,25,99.91084560586927,405027.0,0.8745423045970251,0.05,1.0,0.16813286544553194,0.5,0.019098630846063197,,,0.5288554127235655,,LearningParams_Fit_alpha_neg-exp_neg_Fix_alpha_pos-beta-exp_pos_
7,0,99.91084560586931,405027.0,0.6455823070438235,0.05,1.0,0.7178655906602935,0.5,0.019098604989612984,,,0.5288556029452935,,LearningParams_Fit_alpha_neg-exp_neg_Fix_alpha_pos-beta-exp_pos_
8,2,99.91084560586931,405027.0,0.4830432796911208,0.05,1.0,0.5712342301277773,0.5,0.019098599693788108,,,0.5288556589483511,,LearningParams_Fit_alpha_neg-exp_neg_Fix_alpha_pos-beta-exp_pos_
9,16,99.91084560586935,405027.0,0.3091022677276825,0.05,1.0,0.8173530932161858,0.5,0.01909860369949856,,,0.5288557756700986,,LearningParams_Fit_alpha_neg-exp_neg_Fix_alpha_pos-beta-exp_pos_
10,13,99.91084560586941,405027.0,0.017118459117519413,0.05,1.0,0.22065158794041484,0.5,0.019098599897447617,,,0.528855812264581,,LearningParams_Fit_alpha_neg-exp_neg_Fix_alpha_pos-beta-exp_pos_
11,1,99.91084560586944,405027.0,0.5204919250317387,0.05,1.0,0.5148377866762255,0.5,0.01909860069852857,,,0.5288556471111534,,LearningParams_Fit_alpha_neg-exp_neg_Fix_alpha_pos-beta-exp_pos_
12,22,99.91084560586944,405027.0,0.8380045414339541,0.05,1.0,0.010615290474783046,0.5,0.01909860239864371,,,0.5288557881417775,,LearningParams_Fit_alpha_neg-exp_neg_Fix_alpha_pos-beta-exp_pos_
13,47,99.91084560586961,405027.0,0.8840925620611435,0.05,1.0,0.028027623706335603,0.5,0.019098615894147877,,,0.5288556432306424,,LearningParams_Fit_alpha_neg-exp_neg_Fix_alpha_pos-beta-exp_pos_
14,10,99.91084560586981,405027.0,0.8595345508545063,0.05,1.0,0.7635102459183237,0.5,0.01909863429277315,,,0.5288553848406566,,LearningParams_Fit_alpha_neg-exp_neg_Fix_alpha_pos-beta-exp_pos_
15,30,99.91084560586981,405027.0,0.008297219097895159,0.05,1.0,0.07810066858138909,0.5,0.019098633943360654,,,0.5288553692880837,,LearningParams_Fit_alpha_neg-exp_neg_Fix_alpha_pos-beta-exp_pos_
16,27,99.91084560586985,405027.0,0.595807548939621,0.05,1.0,0.16203376697755426,0.5,0.019098624220019633,,,0.5288555447771655,,LearningParams_Fit_alpha_neg-exp_neg_Fix_alpha_pos-beta-exp_pos_
17,46,99.91084560586991,405027.0,0.9701738630259704,0.05,1.0,0.2547261086617271,0.5,0.019098625557998898,,,0.5288555295881261,,LearningParams_Fit_alpha_neg-exp_neg_Fix_alpha_pos-beta-exp_pos_
18,36,99.91084560587014,405027.0,0.2981390305493832,0.05,1.0,0.4173225991206903,0.5,0.01909863302694637,,,0.5288553512909098,,LearningParams_Fit_alpha_neg-exp_neg_Fix_alpha_pos-beta-exp_pos_
19,29,99.91084560587015,405027.0,0.5567104299829526,0.05,1.0,0.5781603257662149,0.5,0.019098636324270973,,,0.52885536106431,,LearningParams_Fit_alpha_neg-exp_neg_Fix_alpha_pos-beta-exp_pos_
20,23,99.91084560587022,405027.0,0.18865729796000572,0.05,1.0,0.26362796172120084,0.5,0.01909861451955383,,,0.5288556688522394,,LearningParams_Fit_alpha_neg-exp_neg_Fix_alpha_pos-beta-exp_pos_
21,3,99.91084560587036,405027.0,0.34547424157188045,0.05,1.0,0.2090526558439476,0.5,0.01909857913015817,,,0.528856012825855,,LearningParams_Fit_alpha_neg-exp_neg_Fix_alpha_pos-beta-exp_pos_
22,12,99.91084560587038,405027.0,0.15992129776461972,0.05,1.0,0.5992585527820081,0.5,0.01909860637325513,,,0.5288555722921076,,LearningParams_Fit_alpha_neg-exp_neg_Fix_alpha_pos-beta-exp_pos_
23,35,99.9108456058704,405027.0,0.2720751911136684,0.05,1.0,0.6823050377630878,0.5,0.0190986368627586,,,0.5288553331061769,,LearningParams_Fit_alpha_neg-exp_neg_Fix_alpha_pos-beta-exp_pos_
24,21,99.91084560587042,405027.0,0.2694948339850749,0.05,1.0,0.2279306259858865,0.5,0.01909858765271205,,,0.5288557793944784,,LearningParams_Fit_alpha_neg-exp_neg_Fix_alpha_pos-beta-exp_pos_
25,11,99.91084560587069,405027.0,0.4426358886689843,0.05,1.0,0.2631141483660788,0.5,0.019098636339974846,,,0.5288553887391855,,LearningParams_Fit_alpha_neg-exp_neg_Fix_alpha_pos-beta-exp_pos_
26,37,99.91084560587072,405027.0,0.14904240026584992,0.05,1.0,0.3602126066684729,0.5,0.019098632471159376,,,0.528855451987436,,LearningParams_Fit_alpha_neg-exp_neg_Fix_alpha_pos-beta-exp_pos_
27,19,99.91084560587122,405027.0,0.039256267245375454,0.05,1.0,0.11923864718927613,0.5,0.019098635633029583,,,0.5288554170638743,,LearningParams_Fit_alpha_neg-exp_neg_Fix_alpha_pos-beta-exp_pos_
28,31,99.91084560587136,405027.0,0.3574932799849361,0.05,1.0,0.7068217041905039,0.5,0.01909863616735813,,,0.528855299069975,,LearningParams_Fit_alpha_neg-exp_neg_Fix_alpha_pos-beta-exp_pos_
29,4,99.91084560587156,405027.0,0.9695614387559142,0.05,1.0,0.5883564913152385,0.5,0.019098601237933083,,,0.5288558330015007,,LearningParams_Fit_alpha_neg-exp_neg_Fix_alpha_pos-beta-exp_pos_
30,24,99.91084560587156,405027.0,0.5432966730803909,0.05,1.0,0.6443891771174303,0.5,0.01909863299117581,,,0.5288553146409942,,LearningParams_Fit_alpha_neg-exp_neg_Fix_alpha_pos-beta-exp_pos_
31,20,99.91084560587166,405027.0,0.05656455512241033,0.05,1.0,0.1048332616147064,0.5,0.01909858735988551,,,0.5288557638451823,,LearningParams_Fit_alpha_neg-exp_neg_Fix_alpha_pos-beta-exp_pos_
32,14,99.91084560587228,405027.0,0.13545233767372478,0.05,1.0,0.17184917361857488,0.5,0.019098583493732654,,,0.5288560126416308,,LearningParams_Fit_alpha_neg-exp_neg_Fix_alpha_pos-beta-exp_pos_
33,48,99.91084560587248,405027.0,0.7738456602442119,0.05,1.0,0.3412647569786369,0.5,0.019098646849809185,,,0.5288552488118653,,LearningParams_Fit_alpha_neg-exp_neg_Fix_alpha_pos-beta-exp_pos_
34,34,99.91084560587265,405027.0,0.7838495245295399,0.05,1.0,0.6464694758555953,0.5,0.019098581885445092,,,0.5288560309681561,,LearningParams_Fit_alpha_neg-exp_neg_Fix_alpha_pos-beta-exp_pos_
35,6,99.9108456058727,405027.0,0.014162874823589687,0.05,1.0,0.9508535551323676,0.5,0.019098575751460296,,,0.5288560819504583,,LearningParams_Fit_alpha_neg-exp_neg_Fix_alpha_pos-beta-exp_pos_
36,32,99.91084560587272,405027.0,0.9886263408085548,0.05,1.0,0.4663960923047692,0.5,0.019098641390946688,,,0.5288553653226833,,LearningParams_Fit_alpha_neg-exp_neg_Fix_alpha_pos-beta-exp_pos_
37,17,99.91084560587272,405027.0,0.08092042182911298,0.05,1.0,0.8936182648078712,0.5,0.01909861143354092,,,0.5288554901639306,,LearningParams_Fit_alpha_neg-exp_neg_Fix_alpha_pos-beta-exp_pos_
38,15,99.91084560587284,405027.0,0.17546902772821693,0.05,1.0,0.04091105244446591,0.5,0.01909856797217964,,,0.5288561431401213,,LearningParams_Fit_alpha_neg-exp_neg_Fix_alpha_pos-beta-exp_pos_
39,40,99.91084560587292,405027.0,0.03962149510714175,0.05,1.0,0.8573336315514053,0.5,0.019098640222174727,,,0.5288552402974933,,LearningParams_Fit_alpha_neg-exp_neg_Fix_alpha_pos-beta-exp_pos_
40,43,99.91084560587528,405027.0,0.1972460632609554,0.05,1.0,0.007171873776651737,0.5,0.019098599960563963,,,0.528855583158123,,LearningParams_Fit_alpha_neg-exp_neg_Fix_alpha_pos-beta-exp_pos_
41,38,99.91084560587528,405027.0,0.2687751685611417,0.05,1.0,0.7824467128721329,0.5,0.01909864385323501,,,0.5288553726673524,,LearningParams_Fit_alpha_neg-exp_neg_Fix_alpha_pos-beta-exp_pos_
42,49,99.91084560587576,405027.0,0.8723892952765955,0.05,1.0,0.07060983734572923,0.5,0.0190986331946664,,,0.5288555175439816,,LearningParams_Fit_alpha_neg-exp_neg_Fix_alpha_pos-beta-exp_pos_
43,7,99.91084560587679,405027.0,0.04860844872059877,0.05,1.0,0.9147364811196436,0.5,0.0190985829305692,,,0.5288557591115732,,LearningParams_Fit_alpha_neg-exp_neg_Fix_alpha_pos-beta-exp_pos_
44,9,99.91084560587824,405027.0,0.1390385303257934,0.05,1.0,0.2913441417541194,0.5,0.01909862962177496,,,0.5288555844851464,,LearningParams_Fit_alpha_neg-exp_neg_Fix_alpha_pos-beta-exp_pos_
45,45,99.91084560588001,405027.0,0.05171410248536179,0.05,1.0,0.842417847335081,0.5,0.01909866975010536,,,0.5288550204436855,,LearningParams_Fit_alpha_neg-exp_neg_Fix_alpha_pos-beta-exp_pos_
46,28,99.91084560588465,405027.0,0.1051884294529668,0.05,1.0,0.5853398180875388,0.5,0.019098527521485918,,,0.5288564567509839,,LearningParams_Fit_alpha_neg-exp_neg_Fix_alpha_pos-beta-exp_pos_
47,26,99.910845605886,405027.0,0.15781142608092436,0.05,1.0,0.5022071636889023,0.5,0.019098540440070297,,,0.5288564963125448,,LearningParams_Fit_alpha_neg-exp_neg_Fix_alpha_pos-beta-exp_pos_
48,5,211.62530016648446,405027.0,0.8990745448156312,0.05,1.0,0.4144523814822746,0.5,1.222539315496726,,,-0.6388349785849596,,LearningParams_Fit_alpha_neg-exp_neg_Fix_alpha_pos-beta-exp_pos_
49,42,212.6834510312812,405027.0,0.893782367402804,0.05,1.0,0.2739654859168211,0.5,1.2666559181483827,,,-0.7836589732182575,,LearningParams_Fit_alpha_neg-exp_neg_Fix_alpha_pos-beta-exp_pos_
0,39,86.13421060018938,407209.0,0.2781952335473251,0.05,1.0,0.6345315218502402,0.5,0.0004190456439677147,,,1.3006448546166829,,LearningParams_Fit_alpha_neg-exp_neg_Fix_alpha_pos-beta-exp_pos_
1,36,86.13421060019016,407209.0,0.24756218780165984,0.05,1.0,0.6710994521054184,0.5,0.0004190449046198384,,,1.300645183525015,,LearningParams_Fit_alpha_neg-exp_neg_Fix_alpha_pos-beta-exp_pos_
2,40,86.13421060019026,407209.0,0.9226518536720753,0.05,1.0,0.14376327484353568,0.5,0.0004190448287405619,,,1.300645157914271,,LearningParams_Fit_alpha_neg-exp_neg_Fix_alpha_pos-beta-exp_pos_
3,45,86.13421060019036,407209.0,0.7696073202398009,0.05,1.0,0.10299800885909972,0.5,0.00041904601564484036,,,1.3006446933397997,,LearningParams_Fit_alpha_neg-exp_neg_Fix_alpha_pos-beta-exp_pos_
4,22,86.13421060019043,407209.0,0.40791361272007004,0.05,1.0,0.06812905856050255,0.5,0.000419044881156489,,,1.3006451320672558,,LearningParams_Fit_alpha_neg-exp_neg_Fix_alpha_pos-beta-exp_pos_
5,38,86.1342106001906,407209.0,0.2717730679445263,0.05,1.0,0.5108988453373525,0.5,0.00041904586144204904,,,1.3006447869742273,,LearningParams_Fit_alpha_neg-exp_neg_Fix_alpha_pos-beta-exp_pos_
6,35,86.13421060019063,407209.0,0.7891851898535003,0.05,1.0,0.0434794255519344,0.5,0.0004190459759798319,,,1.300644689050753,,LearningParams_Fit_alpha_neg-exp_neg_Fix_alpha_pos-beta-exp_pos_
7,44,86.13421060019063,407209.0,0.22508478383282596,0.05,1.0,0.8347934826581431,0.5,0.00041904574314466895,,,1.3006447706818949,,LearningParams_Fit_alpha_neg-exp_neg_Fix_alpha_pos-beta-exp_pos_
8,18,86.13421060019087,407209.0,0.3988909521873306,0.05,1.0,0.0746807383107746,0.5,0.0004190459914180629,,,1.3006446770552142,,LearningParams_Fit_alpha_neg-exp_neg_Fix_alpha_pos-beta-exp_pos_
9,31,86.13421060019098,407209.0,0.09660960284682096,0.05,1.0,0.8509501868040875,0.5,0.0004190456735559351,,,1.3006447899948728,,LearningParams_Fit_alpha_neg-exp_neg_Fix_alpha_pos-beta-exp_pos_
10,3,86.1342106001911,407209.0,0.180217012409042,0.05,1.0,0.8258797992918597,0.5,0.0004190451382740488,,,1.300645106314941,,LearningParams_Fit_alpha_neg-exp_neg_Fix_alpha_pos-beta-exp_pos_
11,10,86.13421060019131,407209.0,0.24238258834475399,0.05,1.0,0.7556812125510591,0.5,0.0004190444524030036,,,1.3006453640929099,,LearningParams_Fit_alpha_neg-exp_neg_Fix_alpha_pos-beta-exp_pos_
12,47,86.13421060019147,407209.0,0.2400553891294783,0.05,1.0,0.3794010951279537,0.5,0.000419046035998745,,,1.3006446484263408,,LearningParams_Fit_alpha_neg-exp_neg_Fix_alpha_pos-beta-exp_pos_
13,37,86.13421060019199,407209.0,0.0017273339679688693,0.05,1.0,0.19675003886269396,0.5,0.0004190442764082123,,,1.3006454264623768,,LearningParams_Fit_alpha_neg-exp_neg_Fix_alpha_pos-beta-exp_pos_
14,24,86.13421060019216,407209.0,0.016203285142507573,0.05,1.0,0.9660737371157484,0.5,0.0004190443883029958,,,1.3006454011337905,,LearningParams_Fit_alpha_neg-exp_neg_Fix_alpha_pos-beta-exp_pos_
15,29,86.13421060019245,407209.0,0.6566094343513778,0.05,1.0,0.008119444643173601,0.5,0.00041904419704256557,,,1.3006454367824156,,LearningParams_Fit_alpha_neg-exp_neg_Fix_alpha_pos-beta-exp_pos_
16,32,86.13421060019283,407209.0,0.17028336042464154,0.05,1.0,0.4491713024638867,0.5,0.00041904419394243365,,,1.3006454251641737,,LearningParams_Fit_alpha_neg-exp_neg_Fix_alpha_pos-beta-exp_pos_
17,12,86.13421060019292,407209.0,0.15380491651020922,0.05,1.0,0.08010837564411533,0.5,0.00041904497806390735,,,1.3006450605493174,,LearningParams_Fit_alpha_neg-exp_neg_Fix_alpha_pos-beta-exp_pos_
18,7,86.13421060019381,407209.0,0.4142256061915548,0.05,1.0,0.27910764760936924,0.5,0.000419043971723061,,,1.3006455387132938,,LearningParams_Fit_alpha_neg-exp_neg_Fix_alpha_pos-beta-exp_pos_
19,5,86.13421060019427,407209.0,0.2638592001504612,0.05,1.0,0.3044353194760389,0.5,0.00041904656340100154,,,1.300644496606123,,LearningParams_Fit_alpha_neg-exp_neg_Fix_alpha_pos-beta-exp_pos_
20,27,86.13421060019468,407209.0,0.9136787279224416,0.05,1.0,0.07924666484807996,0.5,0.0004190438799909563,,,1.3006455674978232,,LearningParams_Fit_alpha_neg-exp_neg_Fix_alpha_pos-beta-exp_pos_
21,19,86.13421060019537,407209.0,0.1869027757292544,0.05,1.0,0.22037320386776016,0.5,0.00041904431639877326,,,1.3006453340076152,,LearningParams_Fit_alpha_neg-exp_neg_Fix_alpha_pos-beta-exp_pos_
22,34,86.13421060019544,407209.0,0.4756124790756364,0.05,1.0,0.22139198707693894,0.5,0.00041904608952797353,,,1.3006445871537975,,LearningParams_Fit_alpha_neg-exp_neg_Fix_alpha_pos-beta-exp_pos_
23,41,86.13421060019894,407209.0,0.3392975750566408,0.05,1.0,0.15927590771652056,0.5,0.0004190471062286079,,,1.3006442719858509,,LearningParams_Fit_alpha_neg-exp_neg_Fix_alpha_pos-beta-exp_pos_
24,9,86.13421060020292,407209.0,0.27669624876778764,0.05,1.0,0.5872297250424604,0.5,0.0004190447133232395,,,1.3006453571200234,,LearningParams_Fit_alpha_neg-exp_neg_Fix_alpha_pos-beta-exp_pos_
25,21,86.13421060020663,407209.0,0.3776355773094193,0.05,1.0,0.2455535574878941,0.5,0.00041904725594890733,,,1.3006442665717008,,LearningParams_Fit_alpha_neg-exp_neg_Fix_alpha_pos-beta-exp_pos_
26,30,114.03546239921113,407209.0,0.8118086606326642,0.05,1.0,0.5751060338494699,0.5,161327.8387315683,,,-9.10669406317049,,LearningParams_Fit_alpha_neg-exp_neg_Fix_alpha_pos-beta-exp_pos_
27,6,114.03675220603195,407209.0,0.6796525097533753,0.05,1.0,0.8957203463441888,0.5,128968.480466993,,,-8.97286217028796,,LearningParams_Fit_alpha_neg-exp_neg_Fix_alpha_pos-beta-exp_pos_
28,23,114.03691527917684,407209.0,0.9194656659601508,0.05,1.0,0.9925606834859796,0.5,120150.56496425705,,,-8.9248480124869,,LearningParams_Fit_alpha_neg-exp_neg_Fix_alpha_pos-beta-exp_pos_
29,42,114.03696398930485,407209.0,0.8850904162595147,0.05,1.0,0.7951306089278594,0.5,125967.48090068671,,,-8.959709520145159,,LearningParams_Fit_alpha_neg-exp_neg_Fix_alpha_pos-beta-exp_pos_
30,16,114.03701042196077,407209.0,0.5607384809090736,0.05,1.0,0.31730383665719475,0.5,122590.64230975199,,,-8.94174724752444,,LearningParams_Fit_alpha_neg-exp_neg_Fix_alpha_pos-beta-exp_pos_
31,8,114.03781658200396,407209.0,0.7589468035138559,0.05,1.0,0.7706871515279656,0.5,104350.45548947448,,,-8.842103832748855,,LearningParams_Fit_alpha_neg-exp_neg_Fix_alpha_pos-beta-exp_pos_
32,26,114.03831148978678,407209.0,0.9743415775096059,0.05,1.0,0.3645964720288166,0.5,97125.76526123995,,,-8.799819561974584,,LearningParams_Fit_alpha_neg-exp_neg_Fix_alpha_pos-beta-exp_pos_
33,28,114.03874973601737,407209.0,0.6713359024495409,0.05,1.0,0.7737140252601491,0.5,87049.7176926294,,,-8.724099266775866,,LearningParams_Fit_alpha_neg-exp_neg_Fix_alpha_pos-beta-exp_pos_
34,14,114.03917821169064,407209.0,0.3875571508566211,0.05,1.0,0.33347167518124576,0.5,80893.15155718412,,,-8.681573067262768,,LearningParams_Fit_alpha_neg-exp_neg_Fix_alpha_pos-beta-exp_pos_
35,17,114.03931774090479,407209.0,0.6723769618273145,0.05,1.0,0.3750604495209529,0.5,79349.99738646108,,,-8.671791544399934,,LearningParams_Fit_alpha_neg-exp_neg_Fix_alpha_pos-beta-exp_pos_
36,1,114.03932205190691,407209.0,0.7504552882777967,0.05,1.0,0.5684796485767241,0.5,80603.4756892987,,,-8.684371955115337,,LearningParams_Fit_alpha_neg-exp_neg_Fix_alpha_pos-beta-exp_pos_
37,20,114.0393833173268,407209.0,0.6237198622224861,0.05,1.0,0.9317299522831975,0.5,78310.73227700933,,,-8.660719955062923,,LearningParams_Fit_alpha_neg-exp_neg_Fix_alpha_pos-beta-exp_pos_
38,4,114.03971355534159,407209.0,0.8761988539509223,0.05,1.0,0.8797025800683854,0.5,74906.82898011376,,,-8.638094443510981,,LearningParams_Fit_alpha_neg-exp_neg_Fix_alpha_pos-beta-exp_pos_
39,25,114.04010604176383,407209.0,0.5022126122584769,0.05,1.0,0.3717991115445569,0.5,70493.40969123102,,,-8.594068701498195,,LearningParams_Fit_alpha_neg-exp_neg_Fix_alpha_pos-beta-exp_pos_
40,48,114.04026357319222,407209.0,0.7847815045656579,0.05,1.0,0.8634874051500719,0.5,69329.36006250081,,,-8.59247467206341,,LearningParams_Fit_alpha_neg-exp_neg_Fix_alpha_pos-beta-exp_pos_
41,46,114.04119143061077,407209.0,0.806776948356017,0.05,1.0,0.5623970212563556,0.5,61761.48423513983,,,-8.525115059419939,,LearningParams_Fit_alpha_neg-exp_neg_Fix_alpha_pos-beta-exp_pos_
42,43,114.04132511621471,407209.0,0.4991915860679054,0.05,1.0,0.8352825288291709,0.5,58240.46361352199,,,-8.479725800397857,,LearningParams_Fit_alpha_neg-exp_neg_Fix_alpha_pos-beta-exp_pos_
43,15,114.04157821122378,407209.0,0.6816074623510073,0.05,1.0,0.8605944357418343,0.5,56570.42579863463,,,-8.46001542352968,,LearningParams_Fit_alpha_neg-exp_neg_Fix_alpha_pos-beta-exp_pos_
44,11,114.04159891922012,407209.0,0.524002834407898,0.05,1.0,0.7126904247689366,0.5,57157.754632772296,,,-8.476135576200852,,LearningParams_Fit_alpha_neg-exp_neg_Fix_alpha_pos-beta-exp_pos_
45,33,114.04161724372364,407209.0,0.39894771306066495,0.05,1.0,0.4733280646995605,0.5,55692.84147317256,,,-8.454805992842925,,LearningParams_Fit_alpha_neg-exp_neg_Fix_alpha_pos-beta-exp_pos_
46,49,114.04303626600512,407209.0,0.8069918770718112,0.05,1.0,0.5704558830252572,0.5,45628.74417268754,,,-8.334062230737674,,LearningParams_Fit_alpha_neg-exp_neg_Fix_alpha_pos-beta-exp_pos_
47,13,114.04339986881864,407209.0,0.6005464355338388,0.05,1.0,0.6707683184658044,0.5,45188.03278262672,,,-8.335603471868684,,LearningParams_Fit_alpha_neg-exp_neg_Fix_alpha_pos-beta-exp_pos_
48,2,114.04419197689128,407209.0,0.3738442271511635,0.05,1.0,0.8573353197550155,0.5,40126.2217912426,,,-8.262074977644053,,LearningParams_Fit_alpha_neg-exp_neg_Fix_alpha_pos-beta-exp_pos_
49,0,114.05368208973678,407209.0,0.770886033640885,0.05,1.0,0.9580862886966686,0.5,13371.712176360475,,,-7.5923552957200835,,LearningParams_Fit_alpha_neg-exp_neg_Fix_alpha_pos-beta-exp_pos_
0,15,41.0276641633666,409850.0,0.33607880483231034,0.05,1.0,0.3760211449736584,0.5,0.0031901413422136178,,,1.1595340805555896,,LearningParams_Fit_alpha_neg-exp_neg_Fix_alpha_pos-beta-exp_pos_
1,43,41.027664163367575,409850.0,0.948290413944444,0.05,1.0,0.047201014887123804,0.5,0.003190146092269149,,,1.1595338645108042,,LearningParams_Fit_alpha_neg-exp_neg_Fix_alpha_pos-beta-exp_pos_
2,48,41.0276641633676,409850.0,0.06627826712983352,0.05,1.0,0.490834594430461,0.5,0.003190147798050507,,,1.1595336814488282,,LearningParams_Fit_alpha_neg-exp_neg_Fix_alpha_pos-beta-exp_pos_
3,7,41.02766416336763,409850.0,0.11281010498305187,0.05,1.0,0.4195283198945626,0.5,0.0031901403067623913,,,1.1595341311023415,,LearningParams_Fit_alpha_neg-exp_neg_Fix_alpha_pos-beta-exp_pos_
4,27,41.02766416336785,409850.0,0.8249031779635916,0.05,1.0,0.22927032818600526,0.5,0.0031901470457811124,,,1.1595337117871356,,LearningParams_Fit_alpha_neg-exp_neg_Fix_alpha_pos-beta-exp_pos_
5,42,41.02766416336798,409850.0,0.8654388745347298,0.05,1.0,0.3997162212315208,0.5,0.003190148668260193,,,1.1595336924384008,,LearningParams_Fit_alpha_neg-exp_neg_Fix_alpha_pos-beta-exp_pos_
6,25,41.02766416336879,409850.0,0.07540206664296968,0.05,1.0,0.4495936089601328,0.5,0.003190145758214617,,,1.1595337647186357,,LearningParams_Fit_alpha_neg-exp_neg_Fix_alpha_pos-beta-exp_pos_
7,36,41.02766416336914,409850.0,0.8202057518078049,0.05,1.0,0.07499532081683212,0.5,0.0031901412519853424,,,1.1595341535911987,,LearningParams_Fit_alpha_neg-exp_neg_Fix_alpha_pos-beta-exp_pos_
8,28,41.0276641633696,409850.0,0.07676163471698327,0.05,1.0,0.17405287709034367,0.5,0.0031901400909201986,,,1.159534103689477,,LearningParams_Fit_alpha_neg-exp_neg_Fix_alpha_pos-beta-exp_pos_
9,33,41.02766416336996,409850.0,0.04886795764727103,0.05,1.0,0.2586363498025226,0.5,0.003190146639087289,,,1.1595338594408977,,LearningParams_Fit_alpha_neg-exp_neg_Fix_alpha_pos-beta-exp_pos_
10,39,41.027664163370105,409850.0,0.7672435028075654,0.05,1.0,0.3506899908737422,0.5,0.003190148705469878,,,1.1595337275264943,,LearningParams_Fit_alpha_neg-exp_neg_Fix_alpha_pos-beta-exp_pos_
11,47,41.027664163370396,409850.0,0.8039218161787053,0.05,1.0,0.07315477299759053,0.5,0.0031901430398089408,,,1.1595339050865172,,LearningParams_Fit_alpha_neg-exp_neg_Fix_alpha_pos-beta-exp_pos_
12,34,41.02766416337077,409850.0,0.6145074721754692,0.05,1.0,0.1275750969068813,0.5,0.003190138314694414,,,1.1595342991340711,,LearningParams_Fit_alpha_neg-exp_neg_Fix_alpha_pos-beta-exp_pos_
13,14,41.02766416337085,409850.0,0.16737219493100242,0.05,1.0,0.1068996380903845,0.5,0.003190138207567115,,,1.1595343069894326,,LearningParams_Fit_alpha_neg-exp_neg_Fix_alpha_pos-beta-exp_pos_
14,41,41.02766416337088,409850.0,0.619133470664853,0.05,1.0,0.042638422783351726,0.5,0.003190151175901744,,,1.1595335002786062,,LearningParams_Fit_alpha_neg-exp_neg_Fix_alpha_pos-beta-exp_pos_
15,5,41.027664163371576,409850.0,0.06751468097288305,0.05,1.0,0.5160103722239385,0.5,0.00319013715077141,,,1.1595343412539436,,LearningParams_Fit_alpha_neg-exp_neg_Fix_alpha_pos-beta-exp_pos_
16,46,41.027664163371746,409850.0,0.4372218506899217,0.05,1.0,0.343124528293679,0.5,0.003190143377770125,,,1.159534065867855,,LearningParams_Fit_alpha_neg-exp_neg_Fix_alpha_pos-beta-exp_pos_
17,16,41.02766416337179,409850.0,0.9966416997203992,0.05,1.0,0.030376846754829656,0.5,0.003190146635683314,,,1.1595336889846242,,LearningParams_Fit_alpha_neg-exp_neg_Fix_alpha_pos-beta-exp_pos_
18,3,41.02766416337225,409850.0,0.7276231051106187,0.05,1.0,0.0449968791367511,0.5,0.0031901399003279,,,1.159534087591067,,LearningParams_Fit_alpha_neg-exp_neg_Fix_alpha_pos-beta-exp_pos_
19,24,41.027664163372606,409850.0,0.6918273515773543,0.05,1.0,0.04538254508711504,0.5,0.0031901457008273928,,,1.1595339393390112,,LearningParams_Fit_alpha_neg-exp_neg_Fix_alpha_pos-beta-exp_pos_
20,30,41.027664163372634,409850.0,0.4868691446322248,0.05,1.0,0.21202961684506905,0.5,0.003190151991833816,,,1.1595335099584525,,LearningParams_Fit_alpha_neg-exp_neg_Fix_alpha_pos-beta-exp_pos_
21,45,41.027664163373,409850.0,0.998441294746879,0.05,1.0,0.1814244483133656,0.5,0.003190143193556295,,,1.15953387488783,,LearningParams_Fit_alpha_neg-exp_neg_Fix_alpha_pos-beta-exp_pos_
22,6,41.02766416337311,409850.0,0.2101256614304952,0.05,1.0,0.024739759970303758,0.5,0.003190151951984261,,,1.1595335221997345,,LearningParams_Fit_alpha_neg-exp_neg_Fix_alpha_pos-beta-exp_pos_
23,0,41.027664163374894,409850.0,0.6955628997113746,0.05,1.0,0.06875155551475233,0.5,0.0031901383133580673,,,1.1595343488878598,,LearningParams_Fit_alpha_neg-exp_neg_Fix_alpha_pos-beta-exp_pos_
24,1,41.027664163375796,409850.0,0.12614491756465362,0.05,1.0,0.4249817724405652,0.5,0.003190140448390851,,,1.1595342511487203,,LearningParams_Fit_alpha_neg-exp_neg_Fix_alpha_pos-beta-exp_pos_
25,37,41.027664163375896,409850.0,0.07104392524536962,0.05,1.0,0.36772535332115697,0.5,0.003190150394070993,,,1.1595336666826903,,LearningParams_Fit_alpha_neg-exp_neg_Fix_alpha_pos-beta-exp_pos_
26,20,41.02766416337701,409850.0,0.5248653271125234,0.05,1.0,0.11836391265646815,0.5,0.0031901441659366496,,,1.1595337924578075,,LearningParams_Fit_alpha_neg-exp_neg_Fix_alpha_pos-beta-exp_pos_
27,2,41.02766416337896,409850.0,0.9578809305010441,0.05,1.0,0.2401065139300943,0.5,0.0031901493947251764,,,1.159533496896885,,LearningParams_Fit_alpha_neg-exp_neg_Fix_alpha_pos-beta-exp_pos_
28,38,41.02766416338165,409850.0,0.5967462159298381,0.05,1.0,0.36769643970017496,0.5,0.003190156355500422,,,1.1595332033136645,,LearningParams_Fit_alpha_neg-exp_neg_Fix_alpha_pos-beta-exp_pos_
29,19,41.02766416338211,409850.0,0.5492313836847059,0.05,1.0,0.3165625954425956,0.5,0.003190149250134623,,,1.1595337784004616,,LearningParams_Fit_alpha_neg-exp_neg_Fix_alpha_pos-beta-exp_pos_
30,23,41.027664163388316,409850.0,0.8235395954751891,0.05,1.0,0.1604800115685492,0.5,0.0031901478790792586,,,1.159533531124228,,LearningParams_Fit_alpha_neg-exp_neg_Fix_alpha_pos-beta-exp_pos_
31,49,41.02766416339287,409850.0,0.5899474124386802,0.05,1.0,0.2326144439367841,0.5,0.0031901476611019795,,,1.1595335247819198,,LearningParams_Fit_alpha_neg-exp_neg_Fix_alpha_pos-beta-exp_pos_
32,26,41.02766416340207,409850.0,0.9038332987337494,0.05,1.0,0.11349419154531225,0.5,0.003190137040437325,,,1.1595345477527053,,LearningParams_Fit_alpha_neg-exp_neg_Fix_alpha_pos-beta-exp_pos_
33,4,99.63908771932111,409850.0,0.9050691491853924,0.05,1.0,0.7570944182779858,0.5,7.669444604266668,,,-26.80750081719417,,LearningParams_Fit_alpha_neg-exp_neg_Fix_alpha_pos-beta-exp_pos_
34,44,99.63908771932111,409850.0,0.8063465581451047,0.05,1.0,0.5432223317577519,0.5,9.070119176440011,,,-26.377528984138323,,LearningParams_Fit_alpha_neg-exp_neg_Fix_alpha_pos-beta-exp_pos_
35,8,99.63908771932111,409850.0,0.2950062510767072,0.05,1.0,0.5126327373053603,0.5,2.9346603899679935,,,-28.247290339398862,,LearningParams_Fit_alpha_neg-exp_neg_Fix_alpha_pos-beta-exp_pos_
36,9,99.63908771932111,409850.0,0.5700042520148576,0.05,1.0,0.4772921400410966,0.5,4.225295679254488,,,-29.395136453659997,,LearningParams_Fit_alpha_neg-exp_neg_Fix_alpha_pos-beta-exp_pos_
37,10,99.63908771932111,409850.0,0.1809955346429173,0.05,1.0,0.6848286398957869,0.5,0.4173679257347256,,,-23.96231461666602,,LearningParams_Fit_alpha_neg-exp_neg_Fix_alpha_pos-beta-exp_pos_
38,40,99.63908771932111,409850.0,0.2383167017220129,0.05,1.0,0.7804812102146337,0.5,1.4603589001151622,,,-25.076083851740755,,LearningParams_Fit_alpha_neg-exp_neg_Fix_alpha_pos-beta-exp_pos_
39,22,99.63908771932111,409850.0,0.5344445211262648,0.05,1.0,0.9579709969525696,0.5,3.2749732075217444,,,-30.778653903163253,,LearningParams_Fit_alpha_neg-exp_neg_Fix_alpha_pos-beta-exp_pos_
40,35,99.63908771932111,409850.0,0.3734199710529498,0.05,1.0,0.4861500910484157,0.5,3.7147036507614217,,,-26.788033168841057,,LearningParams_Fit_alpha_neg-exp_neg_Fix_alpha_pos-beta-exp_pos_
41,13,99.63908771932111,409850.0,0.19582169904560487,0.05,1.0,0.7906434666084505,0.5,1.1999576990222771,,,-25.40258702711406,,LearningParams_Fit_alpha_neg-exp_neg_Fix_alpha_pos-beta-exp_pos_
42,17,99.63908771932111,409850.0,0.3234029353697245,0.05,1.0,0.4633754590489945,0.5,3.2171446569861413,,,-25.53309645558661,,LearningParams_Fit_alpha_neg-exp_neg_Fix_alpha_pos-beta-exp_pos_
43,32,99.63908771932111,409850.0,0.9183120721424098,0.05,1.0,0.462046062294459,0.5,12.166990388697903,,,-34.78871820560413,,LearningParams_Fit_alpha_neg-exp_neg_Fix_alpha_pos-beta-exp_pos_
44,31,99.63908771932111,409850.0,0.9394723560961336,0.05,1.0,0.7213707122736139,0.5,4.495980743211986,,,-27.012797105736475,,LearningParams_Fit_alpha_neg-exp_neg_Fix_alpha_pos-beta-exp_pos_
45,18,99.63908771932111,409850.0,0.4567106451401063,0.05,1.0,0.9226064115785448,0.5,2.7986349701401014,,,-29.642425001538406,,LearningParams_Fit_alpha_neg-exp_neg_Fix_alpha_pos-beta-exp_pos_
46,29,99.63908771932111,409850.0,0.6359135616118406,0.05,1.0,0.6892387948199815,0.5,5.00711289957191,,,-30.306011541119886,,LearningParams_Fit_alpha_neg-exp_neg_Fix_alpha_pos-beta-exp_pos_
47,21,99.63908771932111,409850.0,0.28768741723595503,0.05,1.0,0.5176650323409541,0.5,1.6538725390332905,,,-28.489523173916602,,LearningParams_Fit_alpha_neg-exp_neg_Fix_alpha_pos-beta-exp_pos_
48,11,99.63908771932111,409850.0,0.9718385364739592,0.05,1.0,0.6396276577174346,0.5,12.747218866012142,,,-30.917502195808968,,LearningParams_Fit_alpha_neg-exp_neg_Fix_alpha_pos-beta-exp_pos_
49,12,99.63908771932111,409850.0,0.9675026069411391,0.05,1.0,0.8920541995796609,0.5,8.754670318023232,,,-29.58588352160602,,LearningParams_Fit_alpha_neg-exp_neg_Fix_alpha_pos-beta-exp_pos_
0,42,147.26447197300578,400742.0,0.10590780656684684,0.05,1.0,0.6244160069461311,0.5,0.40269195450016415,,,-0.15076609302943045,,LearningParams_Fit_alpha_neg-exp_neg_Fix_alpha_pos-beta-exp_pos_
1,16,147.26447197300757,400742.0,0.4240352663319705,0.05,1.0,0.15997926082906389,0.5,0.4026916394375053,,,-0.15076582971151062,,LearningParams_Fit_alpha_neg-exp_neg_Fix_alpha_pos-beta-exp_pos_
2,18,147.26447197300786,400742.0,0.18090746629125165,0.05,1.0,0.2519397358913965,0.5,0.4026916787561549,,,-0.15076581484190288,,LearningParams_Fit_alpha_neg-exp_neg_Fix_alpha_pos-beta-exp_pos_
3,14,147.26447197300826,400742.0,0.3103680905293445,0.05,1.0,0.9154855734048524,0.5,0.4026918090962744,,,-0.15076586322225824,,LearningParams_Fit_alpha_neg-exp_neg_Fix_alpha_pos-beta-exp_pos_
4,12,147.26447197300868,400742.0,0.06456089119693388,0.05,1.0,0.010746599998447626,0.5,0.4026916835154013,,,-0.15076595260243195,,LearningParams_Fit_alpha_neg-exp_neg_Fix_alpha_pos-beta-exp_pos_
5,24,147.2644719730101,400742.0,0.4235644034018728,0.05,1.0,0.29313198987648004,0.5,0.4026921151052737,,,-0.1507661439171934,,LearningParams_Fit_alpha_neg-exp_neg_Fix_alpha_pos-beta-exp_pos_
6,5,147.26447197301025,400742.0,0.2835187307882589,0.05,1.0,0.4765545228941229,0.5,0.4026921067692776,,,-0.15076617803024422,,LearningParams_Fit_alpha_neg-exp_neg_Fix_alpha_pos-beta-exp_pos_
7,32,147.26447197301133,400742.0,0.2439604911239984,0.05,1.0,0.7530626783879182,0.5,0.4026920581705394,,,-0.1507662002138963,,LearningParams_Fit_alpha_neg-exp_neg_Fix_alpha_pos-beta-exp_pos_
8,35,147.26447197301246,400742.0,0.003647721065092147,0.05,1.0,0.9126310534340206,0.5,0.40269214785822816,,,-0.15076613362210678,,LearningParams_Fit_alpha_neg-exp_neg_Fix_alpha_pos-beta-exp_pos_
9,1,147.2644719730126,400742.0,0.0963724385006296,0.05,1.0,0.9798234637423304,0.5,0.40269151901065375,,,-0.150765769041545,,LearningParams_Fit_alpha_neg-exp_neg_Fix_alpha_pos-beta-exp_pos_
10,0,147.26447197301263,400742.0,0.17107068131501546,0.05,1.0,0.6713843171012157,0.5,0.4026921532903811,,,-0.15076614118792972,,LearningParams_Fit_alpha_neg-exp_neg_Fix_alpha_pos-beta-exp_pos_
11,23,147.26447197301266,400742.0,0.608696549037347,0.05,1.0,0.19206712938904055,0.5,0.40269178865208016,,,-0.1507660765509142,,LearningParams_Fit_alpha_neg-exp_neg_Fix_alpha_pos-beta-exp_pos_
12,49,147.264471973014,400742.0,0.2808442697539789,0.05,1.0,0.8963171322010842,0.5,0.4026921860294742,,,-0.15076621785161495,,LearningParams_Fit_alpha_neg-exp_neg_Fix_alpha_pos-beta-exp_pos_
13,39,147.26447197301476,400742.0,0.4812152408408825,0.05,1.0,0.6010804031191973,0.5,0.4026916270036765,,,-0.15076596210610804,,LearningParams_Fit_alpha_neg-exp_neg_Fix_alpha_pos-beta-exp_pos_
14,20,147.26447197301675,400742.0,0.3390893338762549,0.05,1.0,0.6235973778309158,0.5,0.402691818751335,,,-0.15076580243951987,,LearningParams_Fit_alpha_neg-exp_neg_Fix_alpha_pos-beta-exp_pos_
15,41,147.26447197301692,400742.0,0.5220763364248878,0.05,1.0,0.5986027064904864,0.5,0.40269178866414745,,,-0.1507657841518707,,LearningParams_Fit_alpha_neg-exp_neg_Fix_alpha_pos-beta-exp_pos_
16,9,147.26447197301857,400742.0,0.04333770803343018,0.05,1.0,0.11617285927403233,0.5,0.4026922517845176,,,-0.1507662006996527,,LearningParams_Fit_alpha_neg-exp_neg_Fix_alpha_pos-beta-exp_pos_
17,6,147.2644719730186,400742.0,0.8742637066204273,0.05,1.0,0.08608367915700132,0.5,0.4026918055579788,,,-0.15076612735824335,,LearningParams_Fit_alpha_neg-exp_neg_Fix_alpha_pos-beta-exp_pos_
18,46,147.26447197301863,400742.0,0.9561994154165536,0.05,1.0,0.09962963119210423,0.5,0.4026915712604404,,,-0.1507656754101237,,LearningParams_Fit_alpha_neg-exp_neg_Fix_alpha_pos-beta-exp_pos_
19,34,147.26447197302014,400742.0,0.17044346139273325,0.05,1.0,0.5739067619331949,0.5,0.4026918605366285,,,-0.1507661727811057,,LearningParams_Fit_alpha_neg-exp_neg_Fix_alpha_pos-beta-exp_pos_
20,26,147.2644719730204,400742.0,0.10379342526132572,0.05,1.0,0.8471284592169965,0.5,0.4026922753960759,,,-0.150766211498919,,LearningParams_Fit_alpha_neg-exp_neg_Fix_alpha_pos-beta-exp_pos_
21,29,147.26447197302173,400742.0,0.2679464560356688,0.05,1.0,0.006222579072728829,0.5,0.40269142834728383,,,-0.15076580037776693,,LearningParams_Fit_alpha_neg-exp_neg_Fix_alpha_pos-beta-exp_pos_
22,33,147.2644719730221,400742.0,0.13865454582541506,0.05,1.0,0.19460888274888374,0.5,0.4026922307903759,,,-0.15076611729932424,,LearningParams_Fit_alpha_neg-exp_neg_Fix_alpha_pos-beta-exp_pos_
23,30,147.26447197302352,400742.0,0.7325634786557236,0.05,1.0,0.3885381449706789,0.5,0.4026918618142725,,,-0.15076579127603454,,LearningParams_Fit_alpha_neg-exp_neg_Fix_alpha_pos-beta-exp_pos_
24,28,147.26447197302457,400742.0,0.2283240286432471,0.05,1.0,0.6996611726401861,0.5,0.4026921438014869,,,-0.15076600613584962,,LearningParams_Fit_alpha_neg-exp_neg_Fix_alpha_pos-beta-exp_pos_
25,11,147.2644719730248,400742.0,0.5027232580109576,0.05,1.0,0.6915532049403075,0.5,0.4026921096136761,,,-0.15076632140308627,,LearningParams_Fit_alpha_neg-exp_neg_Fix_alpha_pos-beta-exp_pos_
26,7,147.26447197303239,400742.0,0.009264807893884286,0.05,1.0,0.6279204866721452,0.5,0.4026920772740944,,,-0.15076590658856026,,LearningParams_Fit_alpha_neg-exp_neg_Fix_alpha_pos-beta-exp_pos_
27,25,147.26447197303256,400742.0,0.4655098785534235,0.05,1.0,0.4469461760524965,0.5,0.4026918673323054,,,-0.15076623553578156,,LearningParams_Fit_alpha_neg-exp_neg_Fix_alpha_pos-beta-exp_pos_
28,31,147.26447197303506,400742.0,0.21717785132997824,0.05,1.0,0.7089654361180061,0.5,0.402692213955172,,,-0.15076601358899905,,LearningParams_Fit_alpha_neg-exp_neg_Fix_alpha_pos-beta-exp_pos_
29,3,147.26447197303628,400742.0,0.4275140291329371,0.05,1.0,0.9744351754937212,0.5,0.40269154933530893,,,-0.15076556748467768,,LearningParams_Fit_alpha_neg-exp_neg_Fix_alpha_pos-beta-exp_pos_
30,21,147.26447197303716,400742.0,0.6846455123049702,0.05,1.0,0.02518868944857855,0.5,0.40269198574367454,,,-0.15076581603976671,,LearningParams_Fit_alpha_neg-exp_neg_Fix_alpha_pos-beta-exp_pos_
31,48,150.98284044393557,400742.0,0.5638738630895964,0.05,1.0,0.8940133941004997,0.5,0.6544016810216671,,,-0.2526173234967769,,LearningParams_Fit_alpha_neg-exp_neg_Fix_alpha_pos-beta-exp_pos_
32,15,150.98284044393768,400742.0,0.5454102851883786,0.05,1.0,0.26523159169640104,0.5,0.6544018575966243,,,-0.2526175719030779,,LearningParams_Fit_alpha_neg-exp_neg_Fix_alpha_pos-beta-exp_pos_
33,36,150.98284044395862,400742.0,0.5413512910887811,0.05,1.0,0.5587133388626303,0.5,0.6544021924395886,,,-0.2526180548439671,,LearningParams_Fit_alpha_neg-exp_neg_Fix_alpha_pos-beta-exp_pos_
34,13,151.72034326595332,400742.0,0.6040384097177832,0.05,1.0,0.3118273498931861,0.5,0.7339767036138424,,,-0.27791804111771523,,LearningParams_Fit_alpha_neg-exp_neg_Fix_alpha_pos-beta-exp_pos_
35,10,151.7203432659729,400742.0,0.5859876505664029,0.05,1.0,0.5544958484915811,0.5,0.7339763144438897,,,-0.27791755895072484,,LearningParams_Fit_alpha_neg-exp_neg_Fix_alpha_pos-beta-exp_pos_
36,22,151.72034326597682,400742.0,0.5542046676139656,0.05,1.0,0.30798579107450696,0.5,0.7339766352618227,,,-0.2779179708014139,,LearningParams_Fit_alpha_neg-exp_neg_Fix_alpha_pos-beta-exp_pos_
37,19,151.72034326615577,400742.0,0.6277177609294718,0.05,1.0,0.9262172327493428,0.5,0.7339760603338898,,,-0.27791724394614475,,LearningParams_Fit_alpha_neg-exp_neg_Fix_alpha_pos-beta-exp_pos_
38,37,152.36768474526684,400742.0,0.7451800960467477,0.05,1.0,0.723764528196028,0.5,0.8341974678639723,,,-0.3074546363033807,,LearningParams_Fit_alpha_neg-exp_neg_Fix_alpha_pos-beta-exp_pos_
39,40,152.3676847453141,400742.0,0.7447396078344537,0.05,1.0,0.5087569070013506,0.5,0.8341975077834077,,,-0.3074546886315553,,LearningParams_Fit_alpha_neg-exp_neg_Fix_alpha_pos-beta-exp_pos_
40,45,152.3676847453974,400742.0,0.6524185101522849,0.05,1.0,0.3765403422339161,0.5,0.8341975883576223,,,-0.30745478307823765,,LearningParams_Fit_alpha_neg-exp_neg_Fix_alpha_pos-beta-exp_pos_
41,17,152.96286494647532,400742.0,0.8828785257802402,0.05,1.0,0.9374461457098392,0.5,0.9639180090841246,,,-0.342707470072964,,LearningParams_Fit_alpha_neg-exp_neg_Fix_alpha_pos-beta-exp_pos_
42,44,152.962864946499,400742.0,0.8096075636378534,0.05,1.0,0.8828630255171623,0.5,0.9639181538939195,,,-0.34270761435043184,,LearningParams_Fit_alpha_neg-exp_neg_Fix_alpha_pos-beta-exp_pos_
43,43,152.96286494652497,400742.0,0.969389639904008,0.05,1.0,0.97595646177656,0.5,0.9639176449380013,,,-0.3427071337733081,,LearningParams_Fit_alpha_neg-exp_neg_Fix_alpha_pos-beta-exp_pos_
44,27,152.96289941837094,400742.0,0.8633980080549727,0.05,1.0,0.4883722714008165,0.5,0.9635777615355616,,,-0.3423846559884037,,LearningParams_Fit_alpha_neg-exp_neg_Fix_alpha_pos-beta-exp_pos_
45,38,153.6378450713783,400742.0,0.9636486122552772,0.05,1.0,0.4829106950609807,0.5,1.1376295421037068,,,-0.385899130436017,,LearningParams_Fit_alpha_neg-exp_neg_Fix_alpha_pos-beta-exp_pos_
46,4,153.63784507140448,400742.0,0.9016120584850652,0.05,1.0,0.6235438215650767,0.5,1.1376290806988585,,,-0.3858987629988935,,LearningParams_Fit_alpha_neg-exp_neg_Fix_alpha_pos-beta-exp_pos_
47,47,153.63784507148404,400742.0,0.991944199252232,0.05,1.0,0.3730860480165527,0.5,1.137629082678498,,,-0.385898776057626,,LearningParams_Fit_alpha_neg-exp_neg_Fix_alpha_pos-beta-exp_pos_
48,8,154.56018154701755,400742.0,0.9955600675337288,0.05,1.0,0.216870912099448,0.5,1.3807843753908358,,,-0.44073041474253105,,LearningParams_Fit_alpha_neg-exp_neg_Fix_alpha_pos-beta-exp_pos_
49,2,154.56122994994547,400742.0,0.9973791066723372,0.05,1.0,0.2804621955879546,0.5,1.3780644471030117,,,-0.4389664913307961,,LearningParams_Fit_alpha_neg-exp_neg_Fix_alpha_pos-beta-exp_pos_
0,41,90.9954191300537,200088.0,0.9514300443138664,0.05,1.0,0.6466317699455071,0.5,0.047531831287225004,,,0.4925800077059311,,LearningParams_Fit_alpha_neg-exp_neg_Fix_alpha_pos-beta-exp_pos_
1,29,90.99541913005459,200088.0,0.9985699401180252,0.05,1.0,0.4544864234951007,0.5,0.04753185039789845,,,0.4925799674952803,,LearningParams_Fit_alpha_neg-exp_neg_Fix_alpha_pos-beta-exp_pos_
2,17,90.99541913005591,200088.0,0.7164858569007598,0.05,1.0,0.977975274721386,0.5,0.04753189902674148,,,0.4925796900880232,,LearningParams_Fit_alpha_neg-exp_neg_Fix_alpha_pos-beta-exp_pos_
3,5,90.99541913005731,200088.0,0.6611516150562229,0.05,1.0,0.3135785684321596,0.5,0.047531809194215006,,,0.4925800691959442,,LearningParams_Fit_alpha_neg-exp_neg_Fix_alpha_pos-beta-exp_pos_
4,33,90.99541913005922,200088.0,0.07767005593518672,0.05,1.0,0.3007520762459368,0.5,0.047531902942470367,,,0.4925796457585041,,LearningParams_Fit_alpha_neg-exp_neg_Fix_alpha_pos-beta-exp_pos_
5,13,90.99541913005926,200088.0,0.0936817498150858,0.05,1.0,0.3618791839811751,0.5,0.04753191762825985,,,0.4925796530418402,,LearningParams_Fit_alpha_neg-exp_neg_Fix_alpha_pos-beta-exp_pos_
6,27,90.99541913005943,200088.0,0.8278080901077286,0.05,1.0,0.6670962481105355,0.5,0.047531801029116805,,,0.4925801144657501,,LearningParams_Fit_alpha_neg-exp_neg_Fix_alpha_pos-beta-exp_pos_
7,49,90.9954191300606,200088.0,0.27644578057452496,0.05,1.0,0.7601028194181841,0.5,0.047531798455998975,,,0.492580099097035,,LearningParams_Fit_alpha_neg-exp_neg_Fix_alpha_pos-beta-exp_pos_
8,30,90.99541913006072,200088.0,0.40994835947509867,0.05,1.0,0.11754016371826825,0.5,0.047531916612642264,,,0.492579694777638,,LearningParams_Fit_alpha_neg-exp_neg_Fix_alpha_pos-beta-exp_pos_
9,48,90.99541913006072,200088.0,0.2682911125307048,0.05,1.0,0.7284512141282554,0.5,0.047531798869943014,,,0.4925801456202146,,LearningParams_Fit_alpha_neg-exp_neg_Fix_alpha_pos-beta-exp_pos_
10,16,90.99541913006234,200088.0,0.6279999268146057,0.05,1.0,0.8849183689065359,0.5,0.04753179147113167,,,0.4925801543440623,,LearningParams_Fit_alpha_neg-exp_neg_Fix_alpha_pos-beta-exp_pos_
11,36,90.99541913006331,200088.0,0.9245247137124771,0.05,1.0,0.5936388861357516,0.5,0.04753179040936797,,,0.4925801221974633,,LearningParams_Fit_alpha_neg-exp_neg_Fix_alpha_pos-beta-exp_pos_
12,37,90.9954191300636,200088.0,0.5469402046886561,0.05,1.0,0.9633785841892664,0.5,0.0475317892477079,,,0.4925801831806317,,LearningParams_Fit_alpha_neg-exp_neg_Fix_alpha_pos-beta-exp_pos_
13,38,90.99541913006372,200088.0,0.25625696570474765,0.05,1.0,0.0025820417698745324,0.5,0.047531855769400486,,,0.49257978058651997,,LearningParams_Fit_alpha_neg-exp_neg_Fix_alpha_pos-beta-exp_pos_
14,15,90.995419130064,200088.0,0.07270501017195674,0.05,1.0,0.4153159977856611,0.5,0.047531898144031866,,,0.4925796273429421,,LearningParams_Fit_alpha_neg-exp_neg_Fix_alpha_pos-beta-exp_pos_
15,10,90.9954191300642,200088.0,0.0408964516800604,0.05,1.0,0.4621120781341142,0.5,0.047531818456921435,,,0.4925801361114972,,LearningParams_Fit_alpha_neg-exp_neg_Fix_alpha_pos-beta-exp_pos_
16,34,90.99541913006568,200088.0,0.3894585654923247,0.05,1.0,0.9579226027663916,0.5,0.04753183819353063,,,0.492580078570842,,LearningParams_Fit_alpha_neg-exp_neg_Fix_alpha_pos-beta-exp_pos_
17,7,90.99541913006573,200088.0,0.7112601351570151,0.05,1.0,0.9506239861459604,0.5,0.04753185706979775,,,0.4925800085169264,,LearningParams_Fit_alpha_neg-exp_neg_Fix_alpha_pos-beta-exp_pos_
18,1,90.99541913006641,200088.0,0.4723938599106803,0.05,1.0,0.7626058809807704,0.5,0.047531939450657854,,,0.4925795776584385,,LearningParams_Fit_alpha_neg-exp_neg_Fix_alpha_pos-beta-exp_pos_
19,46,90.99541913006664,200088.0,0.8280629588608844,0.05,1.0,0.8909407119919927,0.5,0.04753181551555141,,,0.4925799473099053,,LearningParams_Fit_alpha_neg-exp_neg_Fix_alpha_pos-beta-exp_pos_
20,44,90.99541913006912,200088.0,0.02789070588411413,0.05,1.0,0.4264997382180085,0.5,0.04753191322554251,,,0.4925797714729687,,LearningParams_Fit_alpha_neg-exp_neg_Fix_alpha_pos-beta-exp_pos_
21,26,90.99541913006928,200088.0,0.8870109022888861,0.05,1.0,0.5086598626231809,0.5,0.04753187859478655,,,0.4925796698038841,,LearningParams_Fit_alpha_neg-exp_neg_Fix_alpha_pos-beta-exp_pos_
22,35,90.99541913007091,200088.0,0.2410188823233168,0.05,1.0,0.9684072332495072,0.5,0.04753177164894589,,,0.4925802656197734,,LearningParams_Fit_alpha_neg-exp_neg_Fix_alpha_pos-beta-exp_pos_
23,24,90.99541913007099,200088.0,0.8316429239309023,0.05,1.0,0.8661064720694214,0.5,0.04753186554860245,,,0.4925797122789812,,LearningParams_Fit_alpha_neg-exp_neg_Fix_alpha_pos-beta-exp_pos_
24,11,90.99541913007118,200088.0,0.7362732655757029,0.05,1.0,0.004831515187186053,0.5,0.047531951927985885,,,0.4925795225958688,,LearningParams_Fit_alpha_neg-exp_neg_Fix_alpha_pos-beta-exp_pos_
25,25,90.99541913007157,200088.0,0.5194104793354575,0.05,1.0,0.8555081824904052,0.5,0.047531791718090695,,,0.4925800469256226,,LearningParams_Fit_alpha_neg-exp_neg_Fix_alpha_pos-beta-exp_pos_
26,9,90.9954191300728,200088.0,0.22025478136312404,0.05,1.0,0.17870500624644134,0.5,0.047531771608880405,,,0.4925801661401651,,LearningParams_Fit_alpha_neg-exp_neg_Fix_alpha_pos-beta-exp_pos_
27,31,90.99541913007346,200088.0,0.3507424634536015,0.05,1.0,0.331020803604717,0.5,0.047531799916205784,,,0.4925802334283601,,LearningParams_Fit_alpha_neg-exp_neg_Fix_alpha_pos-beta-exp_pos_
28,20,90.99541913007401,200088.0,0.6415531222910742,0.05,1.0,0.4041067047999316,0.5,0.047531893478769516,,,0.4925796002812233,,LearningParams_Fit_alpha_neg-exp_neg_Fix_alpha_pos-beta-exp_pos_
29,19,90.99541913007648,200088.0,0.12368481548061537,0.05,1.0,0.9943228056160748,0.5,0.047531763488699315,,,0.4925803200874556,,LearningParams_Fit_alpha_neg-exp_neg_Fix_alpha_pos-beta-exp_pos_
30,6,90.99541913007738,200088.0,0.854813838559957,0.05,1.0,0.01694411289401776,0.5,0.0475318123195939,,,0.4925802110929047,,LearningParams_Fit_alpha_neg-exp_neg_Fix_alpha_pos-beta-exp_pos_
31,4,90.99541913007795,200088.0,0.21680640654125505,0.05,1.0,0.0030803678407922423,0.5,0.04753196337688595,,,0.4925794247406199,,LearningParams_Fit_alpha_neg-exp_neg_Fix_alpha_pos-beta-exp_pos_
32,0,90.99541913007906,200088.0,0.968933544184928,0.05,1.0,0.11656968062676246,0.5,0.04753175483208536,,,0.4925802432357006,,LearningParams_Fit_alpha_neg-exp_neg_Fix_alpha_pos-beta-exp_pos_
33,23,90.99541913007914,200088.0,0.2706687352262168,0.05,1.0,0.10739332427216307,0.5,0.04753189993188239,,,0.4925795609592642,,LearningParams_Fit_alpha_neg-exp_neg_Fix_alpha_pos-beta-exp_pos_
34,2,90.99541913007984,200088.0,0.1275949589401324,0.05,1.0,0.4517782841403808,0.5,0.04753174869184358,,,0.4925803248891145,,LearningParams_Fit_alpha_neg-exp_neg_Fix_alpha_pos-beta-exp_pos_
35,45,90.99541913008007,200088.0,0.09424462680675516,0.05,1.0,0.6723786401963108,0.5,0.04753177367413504,,,0.4925803273219278,,LearningParams_Fit_alpha_neg-exp_neg_Fix_alpha_pos-beta-exp_pos_
36,21,90.99541913008015,200088.0,0.14651851413731146,0.05,1.0,0.8571824675685384,0.5,0.04753188401539327,,,0.4925799485359314,,LearningParams_Fit_alpha_neg-exp_neg_Fix_alpha_pos-beta-exp_pos_
37,39,90.99541913008284,200088.0,0.13340045546980162,0.05,1.0,0.9366111267748336,0.5,0.047531957629662634,,,0.4925795868810455,,LearningParams_Fit_alpha_neg-exp_neg_Fix_alpha_pos-beta-exp_pos_
38,28,90.99541913008534,200088.0,0.2070977590093166,0.05,1.0,0.3622677315353505,0.5,0.04753196786214113,,,0.4925793644412235,,LearningParams_Fit_alpha_neg-exp_neg_Fix_alpha_pos-beta-exp_pos_
39,12,90.99541913008595,200088.0,0.08619968397731492,0.05,1.0,0.8883925601983049,0.5,0.04753174380193083,,,0.4925802754357751,,LearningParams_Fit_alpha_neg-exp_neg_Fix_alpha_pos-beta-exp_pos_
40,8,90.9954191300873,200088.0,0.3910588832648699,0.05,1.0,0.02643102014273291,0.5,0.047531983380178736,,,0.4925794126290575,,LearningParams_Fit_alpha_neg-exp_neg_Fix_alpha_pos-beta-exp_pos_
41,47,90.99541913008764,200088.0,0.22609073450896056,0.05,1.0,0.3747681754573157,0.5,0.04753195579759364,,,0.4925796202600495,,LearningParams_Fit_alpha_neg-exp_neg_Fix_alpha_pos-beta-exp_pos_
42,18,90.99541913008773,200088.0,0.4961887093407178,0.05,1.0,0.4938132022766001,0.5,0.047531815022185515,,,0.4925802342895451,,LearningParams_Fit_alpha_neg-exp_neg_Fix_alpha_pos-beta-exp_pos_
43,32,90.99541913008865,200088.0,0.8310300929884823,0.05,1.0,0.8068047858578908,0.5,0.047531747148602393,,,0.4925802318525864,,LearningParams_Fit_alpha_neg-exp_neg_Fix_alpha_pos-beta-exp_pos_
44,43,90.99541913009064,200088.0,0.3037896594818225,0.05,1.0,0.30024300146330873,0.5,0.04753182393424839,,,0.4925802119552812,,LearningParams_Fit_alpha_neg-exp_neg_Fix_alpha_pos-beta-exp_pos_
45,3,90.99541913010192,200088.0,0.02160276560879704,0.05,1.0,0.2572111591151673,0.5,0.04753186023558032,,,0.4925801023860589,,LearningParams_Fit_alpha_neg-exp_neg_Fix_alpha_pos-beta-exp_pos_
46,40,90.99541913011142,200088.0,0.9527279744553028,0.05,1.0,0.2943935775090486,0.5,0.04753189884584815,,,0.49257996244538,,LearningParams_Fit_alpha_neg-exp_neg_Fix_alpha_pos-beta-exp_pos_
47,14,90.9954191302178,200088.0,0.8970297483168109,0.05,1.0,0.6542653612578991,0.5,0.047531869968862266,,,0.4925802495102255,,LearningParams_Fit_alpha_neg-exp_neg_Fix_alpha_pos-beta-exp_pos_
48,22,90.9954191302261,200088.0,0.4342563100798259,0.05,1.0,0.8117717073071282,0.5,0.04753190976358639,,,0.4925800952580143,,LearningParams_Fit_alpha_neg-exp_neg_Fix_alpha_pos-beta-exp_pos_
49,42,,200088.0,0.2346644914395887,0.05,1.0,0.43401166719357576,0.5,inf,,,inf,,LearningParams_Fit_alpha_neg-exp_neg_Fix_alpha_pos-beta-exp_pos_
0,32,126.12205684647381,200211.0,0.14511917150102138,0.05,1.0,0.36474415270286653,0.5,0.3064314577288316,,,-0.0598746474525626,,LearningParams_Fit_alpha_neg-exp_neg_Fix_alpha_pos-beta-exp_pos_
1,31,126.12205684647627,200211.0,0.9306248915010552,0.05,1.0,0.050337486079113584,0.5,0.3064317505476024,,,-0.0598750497978002,,LearningParams_Fit_alpha_neg-exp_neg_Fix_alpha_pos-beta-exp_pos_
2,46,126.12205684647631,200211.0,0.08307451899309659,0.05,1.0,0.8203957257471935,0.5,0.3064315000423439,,,-0.0598746230172291,,LearningParams_Fit_alpha_neg-exp_neg_Fix_alpha_pos-beta-exp_pos_
3,1,126.12205684647756,200211.0,0.625424434741058,0.05,1.0,0.6096679529222343,0.5,0.30643181965195304,,,-0.05987500074820293,,LearningParams_Fit_alpha_neg-exp_neg_Fix_alpha_pos-beta-exp_pos_
4,49,126.12205684647849,200211.0,0.1392687789239131,0.05,1.0,0.4154266726813808,0.5,0.3064313663995548,,,-0.059874636809446276,,LearningParams_Fit_alpha_neg-exp_neg_Fix_alpha_pos-beta-exp_pos_
5,10,126.12205684647913,200211.0,0.20933061761840302,0.05,1.0,0.4313546881585496,0.5,0.3064317732112196,,,-0.05987509237518045,,LearningParams_Fit_alpha_neg-exp_neg_Fix_alpha_pos-beta-exp_pos_
6,43,126.12205684648005,200211.0,0.18346165492232724,0.05,1.0,0.4767129206406557,0.5,0.3064317306109714,,,-0.05987508321298868,,LearningParams_Fit_alpha_neg-exp_neg_Fix_alpha_pos-beta-exp_pos_
7,27,126.12205684648116,200211.0,0.671887630719488,0.05,1.0,0.19774547132165146,0.5,0.3064314349172432,,,-0.05987454160932883,,LearningParams_Fit_alpha_neg-exp_neg_Fix_alpha_pos-beta-exp_pos_
8,19,126.12205684648217,200211.0,0.9722876623524908,0.05,1.0,0.8298928516340931,0.5,0.3064313350729553,,,-0.05987464350424515,,LearningParams_Fit_alpha_neg-exp_neg_Fix_alpha_pos-beta-exp_pos_
9,40,126.12205684648242,200211.0,0.5181464992603426,0.05,1.0,0.4507068444487989,0.5,0.30643160812551257,,,-0.05987465821247082,,LearningParams_Fit_alpha_neg-exp_neg_Fix_alpha_pos-beta-exp_pos_
10,9,126.12205684648269,200211.0,0.0698187536721615,0.05,1.0,0.4391136590139733,0.5,0.3064318606685371,,,-0.0598751415829467,,LearningParams_Fit_alpha_neg-exp_neg_Fix_alpha_pos-beta-exp_pos_
11,39,126.12205684648315,200211.0,0.3730547165188506,0.05,1.0,0.9495695879262688,0.5,0.3064318922480185,,,-0.05987508638255155,,LearningParams_Fit_alpha_neg-exp_neg_Fix_alpha_pos-beta-exp_pos_
12,5,126.1220568464835,200211.0,0.18739347574517629,0.05,1.0,0.1973093480414696,0.5,0.306431306072317,,,-0.05987458232593978,,LearningParams_Fit_alpha_neg-exp_neg_Fix_alpha_pos-beta-exp_pos_
13,34,126.12205684648394,200211.0,0.4464357389065794,0.05,1.0,0.7972837893314111,0.5,0.30643176302706177,,,-0.05987513363865207,,LearningParams_Fit_alpha_neg-exp_neg_Fix_alpha_pos-beta-exp_pos_
14,12,126.12205684648468,200211.0,0.964904909614746,0.05,1.0,0.830328016612953,0.5,0.30643158118362746,,,-0.05987461757589067,,LearningParams_Fit_alpha_neg-exp_neg_Fix_alpha_pos-beta-exp_pos_
15,25,126.1220568464847,200211.0,0.487831138944854,0.05,1.0,0.17699792898127564,0.5,0.30643155715801684,,,-0.059874596169940765,,LearningParams_Fit_alpha_neg-exp_neg_Fix_alpha_pos-beta-exp_pos_
16,8,126.12205684648491,200211.0,0.24760273879120345,0.05,1.0,0.4627797547359683,0.5,0.3064314791941428,,,-0.0598748939091107,,LearningParams_Fit_alpha_neg-exp_neg_Fix_alpha_pos-beta-exp_pos_
17,22,126.1220568464853,200211.0,0.952971742052718,0.05,1.0,0.0057921869034498474,0.5,0.3064319130136121,,,-0.059875131208652635,,LearningParams_Fit_alpha_neg-exp_neg_Fix_alpha_pos-beta-exp_pos_
18,28,126.12205684648558,200211.0,0.05300770908274022,0.05,1.0,0.4658719760804718,0.5,0.3064318644976063,,,-0.05987517926774399,,LearningParams_Fit_alpha_neg-exp_neg_Fix_alpha_pos-beta-exp_pos_
19,0,126.12205684648569,200211.0,0.3852966762146172,0.05,1.0,0.8171752974345082,0.5,0.30643185763568603,,,-0.05987518101110971,,LearningParams_Fit_alpha_neg-exp_neg_Fix_alpha_pos-beta-exp_pos_
20,38,126.12205684648615,200211.0,0.05834902468800862,0.05,1.0,0.5554077773695342,0.5,0.3064318725717212,,,-0.059874969500607826,,LearningParams_Fit_alpha_neg-exp_neg_Fix_alpha_pos-beta-exp_pos_
21,47,126.12205684648744,200211.0,0.03611622518835456,0.05,1.0,0.4592570215595558,0.5,0.3064314253463784,,,-0.05987484491984019,,LearningParams_Fit_alpha_neg-exp_neg_Fix_alpha_pos-beta-exp_pos_
22,14,126.12205684648863,200211.0,0.4111514958137445,0.05,1.0,0.5215924695823804,0.5,0.3064317499099005,,,-0.05987476914404896,,LearningParams_Fit_alpha_neg-exp_neg_Fix_alpha_pos-beta-exp_pos_
23,18,126.12205684648865,200211.0,0.4725964501156842,0.05,1.0,0.6025730501885183,0.5,0.306431892389489,,,-0.0598749785312726,,LearningParams_Fit_alpha_neg-exp_neg_Fix_alpha_pos-beta-exp_pos_
24,24,126.12205684648944,200211.0,0.7551095055545941,0.05,1.0,0.0243741041195884,0.5,0.3064319314037831,,,-0.0598750533455713,,LearningParams_Fit_alpha_neg-exp_neg_Fix_alpha_pos-beta-exp_pos_
25,16,126.12205684648958,200211.0,0.10879751999319877,0.05,1.0,0.9583903964169505,0.5,0.30643169416099963,,,-0.05987469880611637,,LearningParams_Fit_alpha_neg-exp_neg_Fix_alpha_pos-beta-exp_pos_
26,41,126.12205684649089,200211.0,0.31318393629420915,0.05,1.0,0.11731633333386147,0.5,0.30643132525948313,,,-0.059874421615421024,,LearningParams_Fit_alpha_neg-exp_neg_Fix_alpha_pos-beta-exp_pos_
27,42,126.1220568464926,200211.0,0.38907884006988425,0.05,1.0,0.4436068845253085,0.5,0.3064317145527189,,,-0.05987470492396438,,LearningParams_Fit_alpha_neg-exp_neg_Fix_alpha_pos-beta-exp_pos_
28,35,126.12205684649813,200211.0,0.5501364886593404,0.05,1.0,0.06985283740055825,0.5,0.30643145044948805,,,-0.05987444094468322,,LearningParams_Fit_alpha_neg-exp_neg_Fix_alpha_pos-beta-exp_pos_
29,37,126.12205684649844,200211.0,0.486038555920609,0.05,1.0,0.9686467790696612,0.5,0.3064318784877979,,,-0.05987528436962852,,LearningParams_Fit_alpha_neg-exp_neg_Fix_alpha_pos-beta-exp_pos_
30,44,126.1220568464991,200211.0,0.4636978178527578,0.05,1.0,0.1605145507907041,0.5,0.3064316151116089,,,-0.059874571437807826,,LearningParams_Fit_alpha_neg-exp_neg_Fix_alpha_pos-beta-exp_pos_
31,2,126.12205684650236,200211.0,0.42452778706459415,0.05,1.0,0.9116031640060981,0.5,0.3064320224996446,,,-0.05987532195991306,,LearningParams_Fit_alpha_neg-exp_neg_Fix_alpha_pos-beta-exp_pos_
32,15,126.12205684650299,200211.0,0.14859377461504708,0.05,1.0,0.9044026244291408,0.5,0.3064314361854329,,,-0.05987494376561884,,LearningParams_Fit_alpha_neg-exp_neg_Fix_alpha_pos-beta-exp_pos_
33,45,126.12205684650696,200211.0,0.16152952275666066,0.05,1.0,0.8369157452824489,0.5,0.3064311365248237,,,-0.05987449379392677,,LearningParams_Fit_alpha_neg-exp_neg_Fix_alpha_pos-beta-exp_pos_
34,26,126.12205684650844,200211.0,0.9923459530509128,0.05,1.0,0.026151678306349457,0.5,0.3064311522574417,,,-0.059874548778245336,,LearningParams_Fit_alpha_neg-exp_neg_Fix_alpha_pos-beta-exp_pos_
35,17,126.12205684651457,200211.0,0.5040152954863311,0.05,1.0,0.8484518510522281,0.5,0.30643150505331396,,,-0.05987506630580575,,LearningParams_Fit_alpha_neg-exp_neg_Fix_alpha_pos-beta-exp_pos_
36,30,126.12205684651494,200211.0,0.10042156760316256,0.05,1.0,0.8533417196497759,0.5,0.3064312860124193,,,-0.059874265941956765,,LearningParams_Fit_alpha_neg-exp_neg_Fix_alpha_pos-beta-exp_pos_
37,21,126.12205684651865,200211.0,0.10156704170309848,0.05,1.0,0.4375887398035565,0.5,0.3064310498257695,,,-0.0598742579366703,,LearningParams_Fit_alpha_neg-exp_neg_Fix_alpha_pos-beta-exp_pos_
38,6,126.12205684653095,200211.0,0.494021023120425,0.05,1.0,0.1039088246934018,0.5,0.3064314169037936,,,-0.059875030250289236,,LearningParams_Fit_alpha_neg-exp_neg_Fix_alpha_pos-beta-exp_pos_
39,20,126.12205684653208,200211.0,0.6053051283608082,0.05,1.0,0.2351125666458557,0.5,0.30643139807283604,,,-0.059875012446686665,,LearningParams_Fit_alpha_neg-exp_neg_Fix_alpha_pos-beta-exp_pos_
40,3,126.12205684653424,200211.0,0.6948878456080327,0.05,1.0,0.22316194493289696,0.5,0.3064317495459784,,,-0.05987457595295573,,LearningParams_Fit_alpha_neg-exp_neg_Fix_alpha_pos-beta-exp_pos_
41,4,126.12205684653944,200211.0,0.4721936512584001,0.05,1.0,0.012667510812828908,0.5,0.3064312422056735,,,-0.05987484747856661,,LearningParams_Fit_alpha_neg-exp_neg_Fix_alpha_pos-beta-exp_pos_
42,29,126.1220568465614,200211.0,0.7153928962131396,0.05,1.0,0.06974869894772961,0.5,0.3064316083541553,,,-0.05987435835153016,,LearningParams_Fit_alpha_neg-exp_neg_Fix_alpha_pos-beta-exp_pos_
43,33,138.76949432354164,200211.0,0.6464185915336282,0.05,1.0,0.6170700224018134,0.5,0.7348671053393481,,,-0.2790280501345006,,LearningParams_Fit_alpha_neg-exp_neg_Fix_alpha_pos-beta-exp_pos_
44,48,140.7493252393676,200211.0,0.7046397143275553,0.05,1.0,0.4060749948543382,0.5,0.8257687007417599,,,-0.2980402306904421,,LearningParams_Fit_alpha_neg-exp_neg_Fix_alpha_pos-beta-exp_pos_
45,23,140.749325239388,200211.0,0.735058532977144,0.05,1.0,0.4195847200268431,0.5,0.8257691584445843,,,-0.2980407444939289,,LearningParams_Fit_alpha_neg-exp_neg_Fix_alpha_pos-beta-exp_pos_
46,36,143.1442893063221,200211.0,0.9426153359392344,0.05,1.0,0.5635211960917293,0.5,1.0169338614321206,,,-0.377584923125457,,LearningParams_Fit_alpha_neg-exp_neg_Fix_alpha_pos-beta-exp_pos_
47,11,143.14428930634512,200211.0,0.8803198848420077,0.05,1.0,0.966399978209076,0.5,1.0169339450415869,,,-0.37758500319694094,,LearningParams_Fit_alpha_neg-exp_neg_Fix_alpha_pos-beta-exp_pos_
48,13,143.14428930636018,200211.0,0.9044484893000538,0.05,1.0,0.4186073399038471,0.5,1.0169335371279735,,,-0.3775846063199906,,LearningParams_Fit_alpha_neg-exp_neg_Fix_alpha_pos-beta-exp_pos_
49,7,144.4084653349101,200211.0,0.9576167002160814,0.05,1.0,0.3483532078644229,0.5,1.1801433135075088,,,-0.41889004937914864,,LearningParams_Fit_alpha_neg-exp_neg_Fix_alpha_pos-beta-exp_pos_
0,19,116.74599958268244,100214.0,0.4726971715054102,0.05,1.0,0.5575009090275621,0.5,0.00819030638160501,,,0.7504721686179919,,LearningParams_Fit_alpha_neg-exp_neg_Fix_alpha_pos-beta-exp_pos_
1,5,116.7459995826825,100214.0,0.7218886338841362,0.05,1.0,0.5346580671678642,0.5,0.008190294513431803,,,0.7504724976739772,,LearningParams_Fit_alpha_neg-exp_neg_Fix_alpha_pos-beta-exp_pos_
2,48,116.7459995826825,100214.0,0.7154005017830788,0.05,1.0,0.06111196494880189,0.5,0.008190292885812306,,,0.7504725218886839,,LearningParams_Fit_alpha_neg-exp_neg_Fix_alpha_pos-beta-exp_pos_
3,15,116.74599958268264,100214.0,0.100864645087533,0.05,1.0,0.6953428172960993,0.5,0.008190315569763428,,,0.7504719979609404,,LearningParams_Fit_alpha_neg-exp_neg_Fix_alpha_pos-beta-exp_pos_
4,20,116.74599958268264,100214.0,0.8150467207029746,0.05,1.0,0.8786037082903599,0.5,0.008190314593814106,,,0.7504720059660013,,LearningParams_Fit_alpha_neg-exp_neg_Fix_alpha_pos-beta-exp_pos_
5,31,116.74599958268273,100214.0,0.5042831293599455,0.05,1.0,0.0833907614893955,0.5,0.008190315147679433,,,0.7504719963433226,,LearningParams_Fit_alpha_neg-exp_neg_Fix_alpha_pos-beta-exp_pos_
6,39,116.74599958268276,100214.0,0.2957120133219796,0.05,1.0,0.8261351498019638,0.5,0.00819030953651962,,,0.7504721712532499,,LearningParams_Fit_alpha_neg-exp_neg_Fix_alpha_pos-beta-exp_pos_
7,1,116.74599958268284,100214.0,0.7226561903101572,0.05,1.0,0.2358682432897677,0.5,0.00819030046404523,,,0.7504723813927952,,LearningParams_Fit_alpha_neg-exp_neg_Fix_alpha_pos-beta-exp_pos_
8,32,116.74599958268284,100214.0,0.0565918682612272,0.05,1.0,0.12064361814647385,0.5,0.008190290063284356,,,0.7504725730521844,,LearningParams_Fit_alpha_neg-exp_neg_Fix_alpha_pos-beta-exp_pos_
9,24,116.74599958268286,100214.0,0.04696681598206498,0.05,1.0,0.7531041778788086,0.5,0.008190302028661493,,,0.7504723486852145,,LearningParams_Fit_alpha_neg-exp_neg_Fix_alpha_pos-beta-exp_pos_
10,37,116.74599958268296,100214.0,0.5079322052813579,0.05,1.0,0.9737259946988224,0.5,0.008190297237403629,,,0.7504723688769449,,LearningParams_Fit_alpha_neg-exp_neg_Fix_alpha_pos-beta-exp_pos_
11,33,116.74599958268298,100214.0,0.6933852552208523,0.05,1.0,0.5196654796807466,0.5,0.008190306898139045,,,0.7504721488174522,,LearningParams_Fit_alpha_neg-exp_neg_Fix_alpha_pos-beta-exp_pos_
12,14,116.74599958268305,100214.0,0.4810355069015265,0.05,1.0,0.4582758754934847,0.5,0.008190316155616766,,,0.7504720050714782,,LearningParams_Fit_alpha_neg-exp_neg_Fix_alpha_pos-beta-exp_pos_
13,28,116.7459995826832,100214.0,0.8042988465238494,0.05,1.0,0.9140336590718876,0.5,0.008190290120755407,,,0.7504725484275063,,LearningParams_Fit_alpha_neg-exp_neg_Fix_alpha_pos-beta-exp_pos_
14,29,116.74599958268335,100214.0,0.6732950199460959,0.05,1.0,0.32353005089865605,0.5,0.008190317855201482,,,0.7504719316858743,,LearningParams_Fit_alpha_neg-exp_neg_Fix_alpha_pos-beta-exp_pos_
15,25,116.74599958268342,100214.0,0.7264676031494578,0.05,1.0,0.6099141976309078,0.5,0.008190311887922666,,,0.7504721247569415,,LearningParams_Fit_alpha_neg-exp_neg_Fix_alpha_pos-beta-exp_pos_
16,8,116.74599958268348,100214.0,0.8661205831172893,0.05,1.0,0.8489013136918299,0.5,0.008190295012954797,,,0.7504724152595263,,LearningParams_Fit_alpha_neg-exp_neg_Fix_alpha_pos-beta-exp_pos_
17,2,116.7459995826838,100214.0,0.9006210759971746,0.05,1.0,0.9449769797822156,0.5,0.008190316743499872,,,0.7504719351569928,,LearningParams_Fit_alpha_neg-exp_neg_Fix_alpha_pos-beta-exp_pos_
18,18,116.74599958268404,100214.0,0.9890695126437182,0.05,1.0,0.8507852880610562,0.5,0.00819031937354392,,,0.7504718815797193,,LearningParams_Fit_alpha_neg-exp_neg_Fix_alpha_pos-beta-exp_pos_
19,42,116.74599958268436,100214.0,0.6704515413222095,0.05,1.0,0.7603915861534214,0.5,0.008190300353905063,,,0.750472404752745,,LearningParams_Fit_alpha_neg-exp_neg_Fix_alpha_pos-beta-exp_pos_
20,26,116.74599958268438,100214.0,0.21430227290602333,0.05,1.0,0.3400035353808727,0.5,0.008190314941761503,,,0.7504720621931558,,LearningParams_Fit_alpha_neg-exp_neg_Fix_alpha_pos-beta-exp_pos_
21,17,116.7459995826844,100214.0,0.4592185943471202,0.05,1.0,0.09117671271463336,0.5,0.008190298680835987,,,0.7504724433194148,,LearningParams_Fit_alpha_neg-exp_neg_Fix_alpha_pos-beta-exp_pos_
22,44,116.7459995826844,100214.0,0.2077255462012713,0.05,1.0,0.7079531559244078,0.5,0.008190322174509787,,,0.7504718513452624,,LearningParams_Fit_alpha_neg-exp_neg_Fix_alpha_pos-beta-exp_pos_
23,4,116.74599958268448,100214.0,0.6363234143197405,0.05,1.0,0.7842635177363448,0.5,0.008190312908213811,,,0.7504721130095842,,LearningParams_Fit_alpha_neg-exp_neg_Fix_alpha_pos-beta-exp_pos_
24,6,116.74599958268492,100214.0,0.6740609591705328,0.05,1.0,0.16518245653013675,0.5,0.008190311644571768,,,0.7504721501384781,,LearningParams_Fit_alpha_neg-exp_neg_Fix_alpha_pos-beta-exp_pos_
25,40,116.74599958268496,100214.0,0.4174256069068033,0.05,1.0,0.6652301649477118,0.5,0.008190308401067766,,,0.7504720887365286,,LearningParams_Fit_alpha_neg-exp_neg_Fix_alpha_pos-beta-exp_pos_
26,3,116.74599958268504,100214.0,0.27818439655145843,0.05,1.0,0.4581567188956219,0.5,0.008190322564102813,,,0.7504718698545251,,LearningParams_Fit_alpha_neg-exp_neg_Fix_alpha_pos-beta-exp_pos_
27,22,116.74599958268517,100214.0,0.6916616224760364,0.05,1.0,0.7966228495094541,0.5,0.008190318952227764,,,0.7504718709638281,,LearningParams_Fit_alpha_neg-exp_neg_Fix_alpha_pos-beta-exp_pos_
28,36,116.74599958268517,100214.0,0.7962686315330475,0.05,1.0,0.1346850753280462,0.5,0.008190285819656539,,,0.7504727140238554,,LearningParams_Fit_alpha_neg-exp_neg_Fix_alpha_pos-beta-exp_pos_
29,10,116.74599958268536,100214.0,0.5752883439172689,0.05,1.0,0.1960861274444677,0.5,0.008190324031440932,,,0.7504717801992986,,LearningParams_Fit_alpha_neg-exp_neg_Fix_alpha_pos-beta-exp_pos_
30,45,116.74599958268541,100214.0,0.6545593322145621,0.05,1.0,0.6027012192205263,0.5,0.008190305169851395,,,0.7504723073503949,,LearningParams_Fit_alpha_neg-exp_neg_Fix_alpha_pos-beta-exp_pos_
31,34,116.74599958268557,100214.0,0.19567647774469604,0.05,1.0,0.713918074693466,0.5,0.008190309665353794,,,0.7504722051047238,,LearningParams_Fit_alpha_neg-exp_neg_Fix_alpha_pos-beta-exp_pos_
32,41,116.74599958268601,100214.0,0.42342662015914656,0.05,1.0,0.25108225120326777,0.5,0.00819028433492705,,,0.7504727523769219,,LearningParams_Fit_alpha_neg-exp_neg_Fix_alpha_pos-beta-exp_pos_
33,47,116.74599958268608,100214.0,0.9240920007030172,0.05,1.0,0.2171146644941474,0.5,0.008190323732905451,,,0.7504717669861329,,LearningParams_Fit_alpha_neg-exp_neg_Fix_alpha_pos-beta-exp_pos_
34,35,116.74599958268624,100214.0,0.2787316551626611,0.05,1.0,0.3187401434731978,0.5,0.008190316317122895,,,0.7504719089086558,,LearningParams_Fit_alpha_neg-exp_neg_Fix_alpha_pos-beta-exp_pos_
35,0,116.74599958268642,100214.0,0.20992633064928526,0.05,1.0,0.6434058868433844,0.5,0.008190307551722278,,,0.7504722625166731,,LearningParams_Fit_alpha_neg-exp_neg_Fix_alpha_pos-beta-exp_pos_
36,12,116.74599958268655,100214.0,0.09679306253582788,0.05,1.0,0.25385271782270524,0.5,0.008190312900799784,,,0.7504721370653342,,LearningParams_Fit_alpha_neg-exp_neg_Fix_alpha_pos-beta-exp_pos_
37,23,116.74599958268671,100214.0,0.679374543660877,0.05,1.0,0.5440983201525836,0.5,0.008190290807258149,,,0.7504726336011498,,LearningParams_Fit_alpha_neg-exp_neg_Fix_alpha_pos-beta-exp_pos_
38,13,116.74599958268728,100214.0,0.9295542205190986,0.05,1.0,0.6694215356988994,0.5,0.008190285930729454,,,0.7504727376837561,,LearningParams_Fit_alpha_neg-exp_neg_Fix_alpha_pos-beta-exp_pos_
39,46,116.74599958268804,100214.0,0.14994670740706462,0.05,1.0,0.9746940612897425,0.5,0.008190317233624702,,,0.7504718730713167,,LearningParams_Fit_alpha_neg-exp_neg_Fix_alpha_pos-beta-exp_pos_
40,38,116.74599958268809,100214.0,0.262148098111909,0.05,1.0,0.5995130522317867,0.5,0.008190291644704277,,,0.7504724474281327,,LearningParams_Fit_alpha_neg-exp_neg_Fix_alpha_pos-beta-exp_pos_
41,27,116.74599958268809,100214.0,0.5712225336901334,0.05,1.0,0.2948425087516444,0.5,0.00819030306627332,,,0.7504723786751999,,LearningParams_Fit_alpha_neg-exp_neg_Fix_alpha_pos-beta-exp_pos_
42,16,116.74599958268952,100214.0,0.6212736415205726,0.05,1.0,0.1662335966725943,0.5,0.008190321173227995,,,0.7504719612400856,,LearningParams_Fit_alpha_neg-exp_neg_Fix_alpha_pos-beta-exp_pos_
43,43,116.74599958269172,100214.0,0.08018157508355206,0.05,1.0,0.5948111930980746,0.5,0.00819030801439399,,,0.750472045526527,,LearningParams_Fit_alpha_neg-exp_neg_Fix_alpha_pos-beta-exp_pos_
44,7,116.74599958269245,100214.0,0.8662085441661576,0.05,1.0,0.09144480342371376,0.5,0.00819032320988979,,,0.750471931844192,,LearningParams_Fit_alpha_neg-exp_neg_Fix_alpha_pos-beta-exp_pos_
45,49,116.74599958269279,100214.0,0.1026897126085623,0.05,1.0,0.8399980455303179,0.5,0.008190268443650455,,,0.7504730109927795,,LearningParams_Fit_alpha_neg-exp_neg_Fix_alpha_pos-beta-exp_pos_
46,9,116.74599958269549,100214.0,0.9813665967634346,0.05,1.0,0.6030960780692605,0.5,0.00819030078944652,,,0.750472474904692,,LearningParams_Fit_alpha_neg-exp_neg_Fix_alpha_pos-beta-exp_pos_
47,30,116.74599958269563,100214.0,0.6957728299813939,0.05,1.0,0.4136152866452504,0.5,0.008190307597548765,,,0.7504723210129804,,LearningParams_Fit_alpha_neg-exp_neg_Fix_alpha_pos-beta-exp_pos_
48,21,116.74599958270126,100214.0,0.7257369062069154,0.05,1.0,0.4575579189639382,0.5,0.008190258831718223,,,0.7504732010742401,,LearningParams_Fit_alpha_neg-exp_neg_Fix_alpha_pos-beta-exp_pos_
49,11,234.3089882197067,100214.0,0.7833879522232787,0.05,1.0,0.32562810432448186,0.5,1.2545602705573082,,,-0.8758007043919338,,LearningParams_Fit_alpha_neg-exp_neg_Fix_alpha_pos-beta-exp_pos_
0,24,127.40654223346716,100169.0,0.33950584838811515,0.05,1.0,0.31456312791301033,0.5,0.23139796209101374,,,-0.16458102113977666,,LearningParams_Fit_alpha_neg-exp_neg_Fix_alpha_pos-beta-exp_pos_
1,25,127.40654223346756,100169.0,0.9525516946918188,0.05,1.0,0.3898894943095599,0.5,0.2313979831425312,,,-0.16458113591105766,,LearningParams_Fit_alpha_neg-exp_neg_Fix_alpha_pos-beta-exp_pos_
2,49,127.40654223346792,100169.0,0.6872502028108038,0.05,1.0,0.9631350942223432,0.5,0.2313977616418895,,,-0.1645807607119024,,LearningParams_Fit_alpha_neg-exp_neg_Fix_alpha_pos-beta-exp_pos_
3,36,127.40654223346806,100169.0,0.9617526110709594,0.05,1.0,0.7716312166879807,0.5,0.23139799572293845,,,-0.16458116734286055,,LearningParams_Fit_alpha_neg-exp_neg_Fix_alpha_pos-beta-exp_pos_
4,48,127.40654223346878,100169.0,0.13713582003557598,0.05,1.0,0.6754491295084221,0.5,0.2313979640690141,,,-0.16458118558330231,,LearningParams_Fit_alpha_neg-exp_neg_Fix_alpha_pos-beta-exp_pos_
5,0,127.40654223346895,100169.0,0.8835560284910469,0.05,1.0,0.17672381887568822,0.5,0.2313977327611136,,,-0.16458071301148186,,LearningParams_Fit_alpha_neg-exp_neg_Fix_alpha_pos-beta-exp_pos_
6,1,127.406542233469,100169.0,0.8183534586398041,0.05,1.0,0.01919906364516677,0.5,0.23139803090622926,,,-0.16458121012605728,,LearningParams_Fit_alpha_neg-exp_neg_Fix_alpha_pos-beta-exp_pos_
7,18,127.40654223346951,100169.0,0.0906679194028851,0.05,1.0,0.2310397594926119,0.5,0.2313977831652088,,,-0.16458065670871794,,LearningParams_Fit_alpha_neg-exp_neg_Fix_alpha_pos-beta-exp_pos_
8,8,127.40654223346952,100169.0,0.6314451587065163,0.05,1.0,0.4262107444417021,0.5,0.23139804268105266,,,-0.16458122679532533,,LearningParams_Fit_alpha_neg-exp_neg_Fix_alpha_pos-beta-exp_pos_
9,23,127.40654223346966,100169.0,0.3625171871526922,0.05,1.0,0.7550693132217893,0.5,0.2313980479918315,,,-0.16458122538318634,,LearningParams_Fit_alpha_neg-exp_neg_Fix_alpha_pos-beta-exp_pos_
10,17,127.40654223346979,100169.0,0.5251345122700093,0.05,1.0,0.7553851174123254,0.5,0.2313979440339815,,,-0.16458118926953047,,LearningParams_Fit_alpha_neg-exp_neg_Fix_alpha_pos-beta-exp_pos_
11,19,127.40654223347002,100169.0,0.21940787059192,0.05,1.0,0.4718779579724866,0.5,0.23139770881440724,,,-0.1645806376807346,,LearningParams_Fit_alpha_neg-exp_neg_Fix_alpha_pos-beta-exp_pos_
12,22,127.40654223347036,100169.0,0.6828796172810572,0.05,1.0,0.723285469455186,0.5,0.2313978119411759,,,-0.16458099088392614,,LearningParams_Fit_alpha_neg-exp_neg_Fix_alpha_pos-beta-exp_pos_
13,33,127.4065422334704,100169.0,0.4645405085064189,0.05,1.0,0.4420212406039001,0.5,0.23139804308078954,,,-0.1645811063286528,,LearningParams_Fit_alpha_neg-exp_neg_Fix_alpha_pos-beta-exp_pos_
14,5,127.4065422334705,100169.0,0.2047540229632191,0.05,1.0,0.011874186319196569,0.5,0.23139770390813116,,,-0.16458060181883566,,LearningParams_Fit_alpha_neg-exp_neg_Fix_alpha_pos-beta-exp_pos_
15,26,127.40654223347052,100169.0,0.3138113045409492,0.05,1.0,0.2747333635769701,0.5,0.2313980602083716,,,-0.1645811634697411,,LearningParams_Fit_alpha_neg-exp_neg_Fix_alpha_pos-beta-exp_pos_
16,13,127.40654223347069,100169.0,0.5306762583837065,0.05,1.0,0.4206962106370671,0.5,0.2313979981678219,,,-0.16458126744487714,,LearningParams_Fit_alpha_neg-exp_neg_Fix_alpha_pos-beta-exp_pos_
17,27,127.40654223347086,100169.0,0.4554266114286241,0.05,1.0,0.6823628966436229,0.5,0.2313977064593337,,,-0.1645807375553149,,LearningParams_Fit_alpha_neg-exp_neg_Fix_alpha_pos-beta-exp_pos_
18,46,127.40654223347092,100169.0,0.8633408366911548,0.05,1.0,0.5275063319483491,0.5,0.23139800755943815,,,-0.164580991133685,,LearningParams_Fit_alpha_neg-exp_neg_Fix_alpha_pos-beta-exp_pos_
19,40,127.40654223347107,100169.0,0.041581640431542,0.05,1.0,0.8407663959267092,0.5,0.23139776028007356,,,-0.16458089675809734,,LearningParams_Fit_alpha_neg-exp_neg_Fix_alpha_pos-beta-exp_pos_
20,9,127.40654223347131,100169.0,0.3361210960981411,0.05,1.0,0.8900457464602679,0.5,0.2313979151206455,,,-0.16458118368898428,,LearningParams_Fit_alpha_neg-exp_neg_Fix_alpha_pos-beta-exp_pos_
21,34,127.40654223347136,100169.0,0.8104611742734903,0.05,1.0,0.2300327969051097,0.5,0.2313980843753401,,,-0.16458122940236458,,LearningParams_Fit_alpha_neg-exp_neg_Fix_alpha_pos-beta-exp_pos_
22,28,127.40654223347164,100169.0,0.4811429424037379,0.05,1.0,0.7064054468815903,0.5,0.2313980888135448,,,-0.16458128882375755,,LearningParams_Fit_alpha_neg-exp_neg_Fix_alpha_pos-beta-exp_pos_
23,42,127.40654223347168,100169.0,0.9168663651538818,0.05,1.0,0.3144790728956828,0.5,0.2313980860446197,,,-0.16458122313603835,,LearningParams_Fit_alpha_neg-exp_neg_Fix_alpha_pos-beta-exp_pos_
24,10,127.4065422334718,100169.0,0.22582858830237995,0.05,1.0,0.415988509111972,0.5,0.2313979877182889,,,-0.16458092654552706,,LearningParams_Fit_alpha_neg-exp_neg_Fix_alpha_pos-beta-exp_pos_
25,2,127.40654223347192,100169.0,0.6897572073297772,0.05,1.0,0.8200390849561943,0.5,0.2313977120100453,,,-0.1645807950864087,,LearningParams_Fit_alpha_neg-exp_neg_Fix_alpha_pos-beta-exp_pos_
26,3,127.40654223347214,100169.0,0.12613773040810586,0.05,1.0,0.4282932744300143,0.5,0.23139806763315365,,,-0.1645811202190654,,LearningParams_Fit_alpha_neg-exp_neg_Fix_alpha_pos-beta-exp_pos_
27,14,127.40654223347231,100169.0,0.6864789354126248,0.05,1.0,0.9250399789169113,0.5,0.23139807441085206,,,-0.16458113527847704,,LearningParams_Fit_alpha_neg-exp_neg_Fix_alpha_pos-beta-exp_pos_
28,12,127.40654223347248,100169.0,0.69061929393455,0.05,1.0,0.05406184177671836,0.5,0.2313979762179875,,,-0.16458088895883846,,LearningParams_Fit_alpha_neg-exp_neg_Fix_alpha_pos-beta-exp_pos_
29,4,127.40654223347263,100169.0,0.9735613710302496,0.05,1.0,0.3434201005849695,0.5,0.2313979916990715,,,-0.16458091961151816,,LearningParams_Fit_alpha_neg-exp_neg_Fix_alpha_pos-beta-exp_pos_
30,39,127.40654223347285,100169.0,0.6459139744037475,0.05,1.0,0.7839823001102716,0.5,0.23139775111153554,,,-0.16458091305894512,,LearningParams_Fit_alpha_neg-exp_neg_Fix_alpha_pos-beta-exp_pos_
31,15,127.40654223347309,100169.0,0.3083391063113697,0.05,1.0,0.039687437213607464,0.5,0.2313981095125029,,,-0.16458135490091286,,LearningParams_Fit_alpha_neg-exp_neg_Fix_alpha_pos-beta-exp_pos_
32,41,127.40654223347332,100169.0,0.3403400353496423,0.05,1.0,0.6022644625642097,0.5,0.2313976557009444,,,-0.1645805110294255,,LearningParams_Fit_alpha_neg-exp_neg_Fix_alpha_pos-beta-exp_pos_
33,31,127.40654223347346,100169.0,0.1759713046429674,0.05,1.0,0.9766323516172034,0.5,0.2313976462998265,,,-0.16458052123927253,,LearningParams_Fit_alpha_neg-exp_neg_Fix_alpha_pos-beta-exp_pos_
34,7,127.40654223347383,100169.0,0.9996014356143232,0.05,1.0,0.6545517362766948,0.5,0.2313976585303996,,,-0.16458068352061375,,LearningParams_Fit_alpha_neg-exp_neg_Fix_alpha_pos-beta-exp_pos_
35,20,127.40654223347477,100169.0,0.4962083955088218,0.05,1.0,0.08334601018535602,0.5,0.2313976300903205,,,-0.16458047834920525,,LearningParams_Fit_alpha_neg-exp_neg_Fix_alpha_pos-beta-exp_pos_
36,29,127.40654223347521,100169.0,0.26230768381564584,0.05,1.0,0.9926619261393528,0.5,0.23139814569887254,,,-0.16458131696893824,,LearningParams_Fit_alpha_neg-exp_neg_Fix_alpha_pos-beta-exp_pos_
37,38,127.40654223347693,100169.0,0.08550908844067484,0.05,1.0,0.5761119677506378,0.5,0.2313979735517941,,,-0.16458135109823985,,LearningParams_Fit_alpha_neg-exp_neg_Fix_alpha_pos-beta-exp_pos_
38,32,127.40654223347795,100169.0,0.7124201439459439,0.05,1.0,0.7407242558293651,0.5,0.2313976778431072,,,-0.1645808339807337,,LearningParams_Fit_alpha_neg-exp_neg_Fix_alpha_pos-beta-exp_pos_
39,45,127.40654223347832,100169.0,0.6732092170082637,0.05,1.0,0.9474012730634648,0.5,0.23139808427463715,,,-0.1645810304226204,,LearningParams_Fit_alpha_neg-exp_neg_Fix_alpha_pos-beta-exp_pos_
40,11,127.40654223347856,100169.0,0.2724749486767941,0.05,1.0,0.2983569200982465,0.5,0.2313976178753637,,,-0.16458068125347905,,LearningParams_Fit_alpha_neg-exp_neg_Fix_alpha_pos-beta-exp_pos_
41,6,127.40654223347956,100169.0,0.8279300801280127,0.05,1.0,0.062401114419754274,0.5,0.23139807482048,,,-0.16458098968338675,,LearningParams_Fit_alpha_neg-exp_neg_Fix_alpha_pos-beta-exp_pos_
42,37,127.4065422334799,100169.0,0.8763415411918835,0.05,1.0,0.4007434058445804,0.5,0.2313978790972509,,,-0.16458061510319766,,LearningParams_Fit_alpha_neg-exp_neg_Fix_alpha_pos-beta-exp_pos_
43,43,127.40654223348177,100169.0,0.4316395769422546,0.05,1.0,0.671847676414275,0.5,0.2313976243910475,,,-0.16458030129732326,,LearningParams_Fit_alpha_neg-exp_neg_Fix_alpha_pos-beta-exp_pos_
44,47,127.40654223348244,100169.0,0.1869306476293182,0.05,1.0,0.026598286374131752,0.5,0.2313981911756963,,,-0.1645812536609713,,LearningParams_Fit_alpha_neg-exp_neg_Fix_alpha_pos-beta-exp_pos_
45,44,127.40654223348412,100169.0,0.7578359050448906,0.05,1.0,0.4718637506229102,0.5,0.231398131419792,,,-0.16458106118662724,,LearningParams_Fit_alpha_neg-exp_neg_Fix_alpha_pos-beta-exp_pos_
46,16,127.40654223348473,100169.0,0.9038256898249556,0.05,1.0,0.7364920998020179,0.5,0.2313982156350391,,,-0.16458128724356735,,LearningParams_Fit_alpha_neg-exp_neg_Fix_alpha_pos-beta-exp_pos_
47,21,127.40654223348507,100169.0,0.1667884740819786,0.05,1.0,0.7192684509133503,0.5,0.23139806023930864,,,-0.16458088920515032,,LearningParams_Fit_alpha_neg-exp_neg_Fix_alpha_pos-beta-exp_pos_
48,35,127.40654223348602,100169.0,0.3851440594847373,0.05,1.0,0.4241098562638168,0.5,0.23139825048844004,,,-0.16458165585995602,,LearningParams_Fit_alpha_neg-exp_neg_Fix_alpha_pos-beta-exp_pos_
49,30,127.40654223349821,100169.0,0.7211093078309665,0.05,1.0,0.2792413307326791,0.5,0.2313980248111356,,,-0.1645806982985783,,LearningParams_Fit_alpha_neg-exp_neg_Fix_alpha_pos-beta-exp_pos_
0,1,14.48258600840647,100215.0,0.000283308221396994,0.05,1.0,0.3781735132646152,0.5,1.405521165351919e-09,,,3.149532927242806,,LearningParams_Fit_alpha_neg-exp_neg_Fix_alpha_pos-beta-exp_pos_
1,14,14.482703072457928,100215.0,0.003585383760881133,0.05,1.0,0.9364609512262104,0.5,2.3378744412803104e-09,,,3.0683160318365843,,LearningParams_Fit_alpha_neg-exp_neg_Fix_alpha_pos-beta-exp_pos_
2,25,14.508385199019875,100215.0,0.1016445575017174,0.05,1.0,0.0015156616132677714,0.5,-0.11655686431512972,,,-0.10702432685639136,,LearningParams_Fit_alpha_neg-exp_neg_Fix_alpha_pos-beta-exp_pos_
3,8,14.508385199019878,100215.0,0.1592953225257202,0.05,1.0,0.06433705997845629,0.5,-0.1165568553854972,,,-0.10702465063742596,,LearningParams_Fit_alpha_neg-exp_neg_Fix_alpha_pos-beta-exp_pos_
4,27,14.508385199019886,100215.0,0.6374821078030145,0.05,1.0,0.13457046971484432,0.5,-0.11655700395762793,,,-0.10702485016742756,,LearningParams_Fit_alpha_neg-exp_neg_Fix_alpha_pos-beta-exp_pos_
5,16,14.508385199019887,100215.0,0.2685680843055481,0.05,1.0,0.08389164493459866,0.5,-0.11655692343689993,,,-0.107024287580381,,LearningParams_Fit_alpha_neg-exp_neg_Fix_alpha_pos-beta-exp_pos_
6,48,14.508385199019887,100215.0,0.22904956347332886,0.05,1.0,0.15392377949154767,0.5,-0.11655675188928873,,,-0.10702413090671874,,LearningParams_Fit_alpha_neg-exp_neg_Fix_alpha_pos-beta-exp_pos_
7,29,14.508385199019894,100215.0,0.690469741681711,0.05,1.0,0.18709971673991252,0.5,-0.11655679733188334,,,-0.10702403209523202,,LearningParams_Fit_alpha_neg-exp_neg_Fix_alpha_pos-beta-exp_pos_
8,30,14.50838519901991,100215.0,0.921627810593552,0.05,1.0,0.014823646931812262,0.5,-0.11655678162069942,,,-0.10702468992725432,,LearningParams_Fit_alpha_neg-exp_neg_Fix_alpha_pos-beta-exp_pos_
9,32,14.50838519901991,100215.0,0.34215872296987626,0.05,1.0,0.08507852676798999,0.5,-0.11655711832090808,,,-0.10702503713227997,,LearningParams_Fit_alpha_neg-exp_neg_Fix_alpha_pos-beta-exp_pos_
10,28,14.50838519901991,100215.0,0.05588288336261405,0.05,1.0,0.14636399013300672,0.5,-0.1165567345207028,,,-0.10702452865897356,,LearningParams_Fit_alpha_neg-exp_neg_Fix_alpha_pos-beta-exp_pos_
11,26,14.508385199019914,100215.0,0.6179894829316421,0.05,1.0,0.18136564503076824,0.5,-0.11655667139302285,,,-0.10702396096086636,,LearningParams_Fit_alpha_neg-exp_neg_Fix_alpha_pos-beta-exp_pos_
12,39,14.508385199019926,100215.0,0.062492566726396026,0.05,1.0,0.10777161247264744,0.5,-0.11655670248506694,,,-0.1070244890882834,,LearningParams_Fit_alpha_neg-exp_neg_Fix_alpha_pos-beta-exp_pos_
13,47,14.529665642626204,100215.0,0.07722191093479935,0.05,1.0,0.4986826588553477,0.5,0.4732010140400366,,,-16.022177094342553,,LearningParams_Fit_alpha_neg-exp_neg_Fix_alpha_pos-beta-exp_pos_
14,46,14.529665642626204,100215.0,0.07939372312346371,0.05,1.0,0.7731725196379925,0.5,0.3338064119625003,,,-14.472974112231405,,LearningParams_Fit_alpha_neg-exp_neg_Fix_alpha_pos-beta-exp_pos_
15,45,14.529665642626204,100215.0,0.5346568376059293,0.05,1.0,0.9459923005995756,0.5,2.2479343904167237,,,-17.70797814096956,,LearningParams_Fit_alpha_neg-exp_neg_Fix_alpha_pos-beta-exp_pos_
16,44,14.529665642626204,100215.0,0.6755975583058134,0.05,1.0,0.3983045426482503,0.5,5.319580290972256,,,-17.513555761949185,,LearningParams_Fit_alpha_neg-exp_neg_Fix_alpha_pos-beta-exp_pos_
17,31,14.529665642626204,100215.0,0.06536160892104381,0.05,1.0,0.8783752773539693,0.5,0.2748091825861532,,,-16.442258780641012,,LearningParams_Fit_alpha_neg-exp_neg_Fix_alpha_pos-beta-exp_pos_
18,43,14.529665642626204,100215.0,0.5007638225334168,0.05,1.0,0.8276667010674255,0.5,2.1054331282658794,,,-15.493047714258408,,LearningParams_Fit_alpha_neg-exp_neg_Fix_alpha_pos-beta-exp_pos_
19,33,14.529665642626204,100215.0,0.9515798113387792,0.05,1.0,0.6773910572856702,0.5,5.156303406905111,,,-17.513138738181667,,LearningParams_Fit_alpha_neg-exp_neg_Fix_alpha_pos-beta-exp_pos_
20,34,14.529665642626204,100215.0,0.6642667807528471,0.05,1.0,0.5968107989796814,0.5,3.599446965852405,,,-15.429832163503695,,LearningParams_Fit_alpha_neg-exp_neg_Fix_alpha_pos-beta-exp_pos_
21,35,14.529665642626204,100215.0,0.30873582268079003,0.05,1.0,0.3692820841264325,0.5,2.430951647558162,,,-16.237430608338833,,LearningParams_Fit_alpha_neg-exp_neg_Fix_alpha_pos-beta-exp_pos_
22,42,14.529665642626204,100215.0,0.5505117474052552,0.05,1.0,0.9350608910848144,0.5,2.314595460636001,,,-17.50335368407413,,LearningParams_Fit_alpha_neg-exp_neg_Fix_alpha_pos-beta-exp_pos_
23,36,14.529665642626204,100215.0,0.2562705427459374,0.05,1.0,0.9863752235481958,0.5,0.8571674047187245,,,-14.521100092762776,,LearningParams_Fit_alpha_neg-exp_neg_Fix_alpha_pos-beta-exp_pos_
24,41,14.529665642626204,100215.0,0.9786686554505788,0.05,1.0,0.9549783061592236,0.5,4.1147569294376805,,,-17.8761866876184,,LearningParams_Fit_alpha_neg-exp_neg_Fix_alpha_pos-beta-exp_pos_
25,37,14.529665642626204,100215.0,0.506223521931069,0.05,1.0,0.7366336027223571,0.5,2.7430616325459023,,,-19.044784168508443,,LearningParams_Fit_alpha_neg-exp_neg_Fix_alpha_pos-beta-exp_pos_
26,38,14.529665642626204,100215.0,0.22576197728409675,0.05,1.0,0.6100066479671106,0.5,1.2233311791071366,,,-15.770995117456732,,LearningParams_Fit_alpha_neg-exp_neg_Fix_alpha_pos-beta-exp_pos_
27,40,14.529665642626204,100215.0,0.2899223180577681,0.05,1.0,0.6659721587117781,0.5,1.5709953264307832,,,-17.217916720100806,,LearningParams_Fit_alpha_neg-exp_neg_Fix_alpha_pos-beta-exp_pos_
28,0,14.529665642626204,100215.0,0.5382298635229406,0.05,1.0,0.27759289397079,0.5,5.3541979378871565,,,-15.296032620476339,,LearningParams_Fit_alpha_neg-exp_neg_Fix_alpha_pos-beta-exp_pos_
29,24,14.529665642626204,100215.0,0.3132646469514717,0.05,1.0,0.293139229206577,0.5,3.1162910874955587,,,-16.152672887789787,,LearningParams_Fit_alpha_neg-exp_neg_Fix_alpha_pos-beta-exp_pos_
30,22,14.529665642626204,100215.0,0.1803551840535508,0.05,1.0,0.6886285747998582,0.5,0.9772864439819952,,,-17.803671365062357,,LearningParams_Fit_alpha_neg-exp_neg_Fix_alpha_pos-beta-exp_pos_
31,2,14.529665642626204,100215.0,0.860463594427357,0.05,1.0,0.7826274994397686,0.5,4.662574080067388,,,-20.23390157072098,,LearningParams_Fit_alpha_neg-exp_neg_Fix_alpha_pos-beta-exp_pos_
32,3,14.529665642626204,100215.0,0.6052723321428626,0.05,1.0,0.8137979056711211,0.5,2.544833237491494,,,-15.233438491684804,,LearningParams_Fit_alpha_neg-exp_neg_Fix_alpha_pos-beta-exp_pos_
33,4,14.529665642626204,100215.0,0.6022954341174326,0.05,1.0,0.8119714569145402,0.5,2.5323170383569398,,,-15.199249297294276,,LearningParams_Fit_alpha_neg-exp_neg_Fix_alpha_pos-beta-exp_pos_
34,5,14.529665642626204,100215.0,0.17814211568780247,0.05,1.0,0.6393420532941949,0.5,0.9652945418650274,,,-16.529427071803262,,LearningParams_Fit_alpha_neg-exp_neg_Fix_alpha_pos-beta-exp_pos_
35,6,14.529665642626204,100215.0,0.4790117627703702,0.05,1.0,0.8825737037954245,0.5,2.0139778250423768,,,-16.52084889559709,,LearningParams_Fit_alpha_neg-exp_neg_Fix_alpha_pos-beta-exp_pos_
36,7,14.529665642626204,100215.0,0.6870531692404874,0.05,1.0,0.8697110730356322,0.5,2.888676134950728,,,-16.280074013829697,,LearningParams_Fit_alpha_neg-exp_neg_Fix_alpha_pos-beta-exp_pos_
37,9,14.529665642626204,100215.0,0.38721567100121335,0.05,1.0,0.9683092938412322,0.5,1.295149447229181,,,-14.255139262359974,,LearningParams_Fit_alpha_neg-exp_neg_Fix_alpha_pos-beta-exp_pos_
38,10,14.529665642626204,100215.0,0.7171937558591304,0.05,1.0,0.5357484550780737,0.5,4.394825360153087,,,-17.213064205970813,,LearningParams_Fit_alpha_neg-exp_neg_Fix_alpha_pos-beta-exp_pos_
39,11,14.529665642626204,100215.0,0.37251571353570656,0.05,1.0,0.6233953222343744,0.5,2.0185422388558565,,,-16.117143339286624,,LearningParams_Fit_alpha_neg-exp_neg_Fix_alpha_pos-beta-exp_pos_
40,12,14.529665642626204,100215.0,0.4769267843535918,0.05,1.0,0.5075027425638902,0.5,2.9225155820027453,,,-16.30555759826778,,LearningParams_Fit_alpha_neg-exp_neg_Fix_alpha_pos-beta-exp_pos_
41,13,14.529665642626204,100215.0,0.6407625759798261,0.05,1.0,0.4197025585616969,0.5,5.045293501241399,,,-18.454432163718423,,LearningParams_Fit_alpha_neg-exp_neg_Fix_alpha_pos-beta-exp_pos_
42,15,14.529665642626204,100215.0,0.02840574192950285,0.05,1.0,0.8430297169399275,0.5,0.1194303330236186,,,-15.780627168210875,,LearningParams_Fit_alpha_neg-exp_neg_Fix_alpha_pos-beta-exp_pos_
43,17,14.529665642626204,100215.0,0.6679896957928706,0.05,1.0,0.9584872621741328,0.5,2.80852484060727,,,-17.941870643365416,,LearningParams_Fit_alpha_neg-exp_neg_Fix_alpha_pos-beta-exp_pos_
44,18,14.529665642626204,100215.0,0.4492441270409064,0.05,1.0,0.7243236610523307,0.5,2.7528815836580436,,,-23.271797735339604,,LearningParams_Fit_alpha_neg-exp_neg_Fix_alpha_pos-beta-exp_pos_
45,19,14.529665642626204,100215.0,0.14120288124946556,0.05,1.0,0.680057147093949,0.5,0.7651327707626308,,,-17.582067313778634,,LearningParams_Fit_alpha_neg-exp_neg_Fix_alpha_pos-beta-exp_pos_
46,20,14.529665642626204,100215.0,0.9543883968709252,0.05,1.0,0.5334268578239819,0.5,5.848308488101022,,,-17.13847359872546,,LearningParams_Fit_alpha_neg-exp_neg_Fix_alpha_pos-beta-exp_pos_
47,21,14.529665642626204,100215.0,0.12960161649492574,0.05,1.0,0.2953749614983473,0.5,1.2892497328966457,,,-16.275867086230562,,LearningParams_Fit_alpha_neg-exp_neg_Fix_alpha_pos-beta-exp_pos_
48,23,14.529665642626204,100215.0,0.4331470882484417,0.05,1.0,0.24077295322684025,0.5,5.7388948914894025,,,-18.1284575389403,,LearningParams_Fit_alpha_neg-exp_neg_Fix_alpha_pos-beta-exp_pos_
49,49,14.529665642626204,100215.0,0.3757999333857235,0.05,1.0,0.5891950513811662,0.5,2.0363383646247195,,,-15.232936082793305,,LearningParams_Fit_alpha_neg-exp_neg_Fix_alpha_pos-beta-exp_pos_
0,11,104.64736205381088,406989.0,0.0688350050401606,0.05,1.0,0.7605798547656449,0.5,0.03423235102076684,,,0.6359265823445035,,LearningParams_Fit_alpha_neg-exp_neg_Fix_alpha_pos-beta-exp_pos_
1,28,104.64736205381521,406989.0,0.4282315859690795,0.05,1.0,0.8301948228175791,0.5,0.03423237908399117,,,0.6359264528102141,,LearningParams_Fit_alpha_neg-exp_neg_Fix_alpha_pos-beta-exp_pos_
2,47,104.64736205381612,406989.0,0.7088123819166591,0.05,1.0,0.09525137324832922,0.5,0.034232378177308266,,,0.6359265166240512,,LearningParams_Fit_alpha_neg-exp_neg_Fix_alpha_pos-beta-exp_pos_
3,33,104.6473620538165,406989.0,0.2706600946393294,0.05,1.0,0.3975961817510286,0.5,0.034232304002929835,,,0.6359268127114006,,LearningParams_Fit_alpha_neg-exp_neg_Fix_alpha_pos-beta-exp_pos_
4,24,104.64736205381651,406989.0,0.3248610706967883,0.05,1.0,0.13292903585807406,0.5,0.03423231939930478,,,0.6359268672361493,,LearningParams_Fit_alpha_neg-exp_neg_Fix_alpha_pos-beta-exp_pos_
5,37,104.6473620538174,406989.0,0.5849579707747867,0.05,1.0,0.2840651624033693,0.5,0.034232294277464784,,,0.6359268840835357,,LearningParams_Fit_alpha_neg-exp_neg_Fix_alpha_pos-beta-exp_pos_
6,25,104.64736205381851,406989.0,0.008828009949232274,0.05,1.0,0.6833192516329339,0.5,0.034232335024048495,,,0.6359268029346274,,LearningParams_Fit_alpha_neg-exp_neg_Fix_alpha_pos-beta-exp_pos_
7,39,104.64736205381851,406989.0,0.5039064353972299,0.05,1.0,0.9954560292031835,0.5,0.0342323557528978,,,0.6359266869052231,,LearningParams_Fit_alpha_neg-exp_neg_Fix_alpha_pos-beta-exp_pos_
8,23,104.64736205381881,406989.0,0.20006952679912293,0.05,1.0,0.2258661001226612,0.5,0.034232350944754575,,,0.63592671747458,,LearningParams_Fit_alpha_neg-exp_neg_Fix_alpha_pos-beta-exp_pos_
9,15,104.64736205381928,406989.0,0.32499573700785866,0.05,1.0,0.753200775333963,0.5,0.034232377432085445,,,0.6359265503277101,,LearningParams_Fit_alpha_neg-exp_neg_Fix_alpha_pos-beta-exp_pos_
10,0,104.64736205381956,406989.0,0.01922593198538536,0.05,1.0,0.3659076190563173,0.5,0.034232362888907894,,,0.6359264665517395,,LearningParams_Fit_alpha_neg-exp_neg_Fix_alpha_pos-beta-exp_pos_
11,7,104.64736205382042,406989.0,0.4710834002649907,0.05,1.0,0.02844170905173926,0.5,0.0342323476119928,,,0.6359267438770986,,LearningParams_Fit_alpha_neg-exp_neg_Fix_alpha_pos-beta-exp_pos_
12,16,104.64736205382164,406989.0,0.2192672319752164,0.05,1.0,0.615658676394938,0.5,0.03423228114358805,,,0.6359269645883466,,LearningParams_Fit_alpha_neg-exp_neg_Fix_alpha_pos-beta-exp_pos_
13,5,104.64736205382178,406989.0,0.9897595837747729,0.05,1.0,0.3376661209357338,0.5,0.0342323853139935,,,0.6359265084560755,,LearningParams_Fit_alpha_neg-exp_neg_Fix_alpha_pos-beta-exp_pos_
14,32,104.6473620538225,406989.0,0.045723336790978515,0.05,1.0,0.5598984897754866,0.5,0.034232343550338704,,,0.6359267749659169,,LearningParams_Fit_alpha_neg-exp_neg_Fix_alpha_pos-beta-exp_pos_
15,44,104.64736205382368,406989.0,0.7175209649500659,0.05,1.0,0.19734100416043,0.5,0.03423239380075467,,,0.6359263338152392,,LearningParams_Fit_alpha_neg-exp_neg_Fix_alpha_pos-beta-exp_pos_
16,6,104.64736205382398,406989.0,0.5431245047732421,0.05,1.0,0.8861349651872268,0.5,0.03423235711131449,,,0.6359267043853685,,LearningParams_Fit_alpha_neg-exp_neg_Fix_alpha_pos-beta-exp_pos_
17,9,104.64736205382536,406989.0,0.4073372306713395,0.05,1.0,0.9116015353805372,0.5,0.03423229380219037,,,0.6359268300798538,,LearningParams_Fit_alpha_neg-exp_neg_Fix_alpha_pos-beta-exp_pos_
18,13,104.64736205382543,406989.0,0.6481776693195778,0.05,1.0,0.19630105238274695,0.5,0.03423236454220091,,,0.6359264315753117,,LearningParams_Fit_alpha_neg-exp_neg_Fix_alpha_pos-beta-exp_pos_
19,19,104.64736205382592,406989.0,0.6517536910657697,0.05,1.0,0.059831602874003915,0.5,0.03423227228565573,,,0.6359270669462038,,LearningParams_Fit_alpha_neg-exp_neg_Fix_alpha_pos-beta-exp_pos_
20,8,104.64736205382604,406989.0,0.12166327541046075,0.05,1.0,0.9664550803774928,0.5,0.034232400805166555,,,0.6359263022741302,,LearningParams_Fit_alpha_neg-exp_neg_Fix_alpha_pos-beta-exp_pos_
21,2,104.6473620538265,406989.0,0.7143168402541894,0.05,1.0,0.021839420825387142,0.5,0.034232288510741976,,,0.6359270425127743,,LearningParams_Fit_alpha_neg-exp_neg_Fix_alpha_pos-beta-exp_pos_
22,17,104.64736205382816,406989.0,0.5995152607166975,0.05,1.0,0.9517039628176184,0.5,0.034232409154349594,,,0.6359262819185704,,LearningParams_Fit_alpha_neg-exp_neg_Fix_alpha_pos-beta-exp_pos_
23,10,104.64736205382827,406989.0,0.32011267223707984,0.05,1.0,0.6037095138160137,0.5,0.03423232221292013,,,0.6359266392032188,,LearningParams_Fit_alpha_neg-exp_neg_Fix_alpha_pos-beta-exp_pos_
24,30,104.64736205382964,406989.0,0.1050915713344468,0.05,1.0,0.9392837123248474,0.5,0.034232345686731315,,,0.6359265071030961,,LearningParams_Fit_alpha_neg-exp_neg_Fix_alpha_pos-beta-exp_pos_
25,48,104.6473620538297,406989.0,0.09995181563267796,0.05,1.0,0.08128974130949684,0.5,0.034232301751157615,,,0.6359270054723131,,LearningParams_Fit_alpha_neg-exp_neg_Fix_alpha_pos-beta-exp_pos_
26,26,104.64736205383076,406989.0,0.17837513030644936,0.05,1.0,0.5442769954482429,0.5,0.03423230106504505,,,0.6359267580904635,,LearningParams_Fit_alpha_neg-exp_neg_Fix_alpha_pos-beta-exp_pos_
27,3,104.64736205383196,406989.0,0.8434584873083187,0.05,1.0,0.9931082645870872,0.5,0.03423225959004958,,,0.6359271026211016,,LearningParams_Fit_alpha_neg-exp_neg_Fix_alpha_pos-beta-exp_pos_
28,27,104.64736205383223,406989.0,0.1325590422919135,0.05,1.0,0.7483474263830099,0.5,0.034232283571482475,,,0.6359270870416059,,LearningParams_Fit_alpha_neg-exp_neg_Fix_alpha_pos-beta-exp_pos_
29,22,104.6473620538343,406989.0,0.3605035402421843,0.05,1.0,0.5943816428026851,0.5,0.03423238773423487,,,0.6359265526492621,,LearningParams_Fit_alpha_neg-exp_neg_Fix_alpha_pos-beta-exp_pos_
30,40,104.64736205383468,406989.0,0.7334740786173747,0.05,1.0,0.33022626296747193,0.5,0.03423234060198577,,,0.6359268339961504,,LearningParams_Fit_alpha_neg-exp_neg_Fix_alpha_pos-beta-exp_pos_
31,45,104.64736205383471,406989.0,0.6155584662136274,0.05,1.0,0.11235907469076443,0.5,0.034232277648376115,,,0.6359271174792857,,LearningParams_Fit_alpha_neg-exp_neg_Fix_alpha_pos-beta-exp_pos_
32,38,104.64736205383785,406989.0,0.6092016971293926,0.05,1.0,0.9303197640151838,0.5,0.03423228418815745,,,0.6359271069152737,,LearningParams_Fit_alpha_neg-exp_neg_Fix_alpha_pos-beta-exp_pos_
33,1,104.6473620538382,406989.0,0.31566073034738074,0.05,1.0,0.4726105963752422,0.5,0.034232302527618365,,,0.6359270317138622,,LearningParams_Fit_alpha_neg-exp_neg_Fix_alpha_pos-beta-exp_pos_
34,12,104.64736205384932,406989.0,0.7677753005770348,0.05,1.0,0.22378662040887376,0.5,0.03423239720613205,,,0.6359265396175096,,LearningParams_Fit_alpha_neg-exp_neg_Fix_alpha_pos-beta-exp_pos_
35,20,104.64736205385135,406989.0,0.35238759166730915,0.05,1.0,0.5446464173995441,0.5,0.03423231281442693,,,0.6359266262620258,,LearningParams_Fit_alpha_neg-exp_neg_Fix_alpha_pos-beta-exp_pos_
36,41,104.64736205387683,406989.0,0.2064940402994669,0.05,1.0,0.15865112197268005,0.5,0.03423234257243875,,,0.6359269212991758,,LearningParams_Fit_alpha_neg-exp_neg_Fix_alpha_pos-beta-exp_pos_
37,34,104.64736205388849,406989.0,0.6329076126832748,0.05,1.0,0.2958861740254051,0.5,0.034232229861947364,,,0.6359270775611454,,LearningParams_Fit_alpha_neg-exp_neg_Fix_alpha_pos-beta-exp_pos_
38,14,104.64736205390498,406989.0,0.8758152770529977,0.05,1.0,0.5426396338809597,0.5,0.03423231402203552,,,0.6359271176038879,,LearningParams_Fit_alpha_neg-exp_neg_Fix_alpha_pos-beta-exp_pos_
39,29,191.48123479128162,406989.0,0.5648200390256054,0.05,1.0,0.7738182901622822,0.5,0.6455420237786669,,,-0.0675783244431526,,LearningParams_Fit_alpha_neg-exp_neg_Fix_alpha_pos-beta-exp_pos_
40,42,191.48123479155066,406989.0,0.5180466288184008,0.05,1.0,0.7613400257647429,0.5,0.6455424723650409,,,-0.06757926195908266,,LearningParams_Fit_alpha_neg-exp_neg_Fix_alpha_pos-beta-exp_pos_
41,31,197.8306554652837,406989.0,0.6139908660078457,0.05,1.0,0.4525258113821747,0.5,0.7405887240078372,,,-0.12303768006227125,,LearningParams_Fit_alpha_neg-exp_neg_Fix_alpha_pos-beta-exp_pos_
42,36,197.83065546532643,406989.0,0.6558608279567599,0.05,1.0,0.8831545509452261,0.5,0.7405883497337739,,,-0.12303697890137465,,LearningParams_Fit_alpha_neg-exp_neg_Fix_alpha_pos-beta-exp_pos_
43,35,202.59220062518668,406989.0,0.7531010633365562,0.05,1.0,0.4920041509019473,0.5,0.8081304488688812,,,-0.18327643899196414,,LearningParams_Fit_alpha_neg-exp_neg_Fix_alpha_pos-beta-exp_pos_
44,43,204.9390553244061,406989.0,0.7743205979897088,0.05,1.0,0.4044415755166001,0.5,0.8878516018277478,,,-0.18988125121603128,,LearningParams_Fit_alpha_neg-exp_neg_Fix_alpha_pos-beta-exp_pos_
45,18,204.9390553244373,406989.0,0.7704909478815534,0.05,1.0,0.8603050330593022,0.5,0.8878513428660944,,,-0.1898809042059254,,LearningParams_Fit_alpha_neg-exp_neg_Fix_alpha_pos-beta-exp_pos_
46,49,205.66183667131824,406989.0,0.8551082800634576,0.05,1.0,0.3720770719963431,0.5,1.1816023812951126,,,-0.3453608711640049,,LearningParams_Fit_alpha_neg-exp_neg_Fix_alpha_pos-beta-exp_pos_
47,21,205.66183767895194,406989.0,0.9202508066273636,0.05,1.0,0.39664554289150794,0.5,1.181601900034455,,,-0.3453604358532206,,LearningParams_Fit_alpha_neg-exp_neg_Fix_alpha_pos-beta-exp_pos_
48,46,205.66183787156058,406989.0,0.9588110654799256,0.05,1.0,0.4050837852550829,0.5,1.1816026724599231,,,-0.34536113452094885,,LearningParams_Fit_alpha_neg-exp_neg_Fix_alpha_pos-beta-exp_pos_
49,4,,406989.0,0.7863831161604515,0.05,1.0,0.6528700463375178,0.5,inf,,,inf,,LearningParams_Fit_alpha_neg-exp_neg_Fix_alpha_pos-beta-exp_pos_
0,21,119.310204550818,100185.0,0.03155228408936639,0.05,1.0,0.9423838838000436,0.5,0.2686765842462123,,,0.054459918390121695,,LearningParams_Fit_alpha_neg-exp_neg_Fix_alpha_pos-beta-exp_pos_
1,29,119.31020455082043,100185.0,0.619860302637845,0.05,1.0,0.17560867509508726,0.5,0.2686766498824893,,,0.05445988550419357,,LearningParams_Fit_alpha_neg-exp_neg_Fix_alpha_pos-beta-exp_pos_
2,26,119.31020455082188,100185.0,0.4830020722901208,0.05,1.0,0.169936192962148,0.5,0.26867629590080705,,,0.05446021686503066,,LearningParams_Fit_alpha_neg-exp_neg_Fix_alpha_pos-beta-exp_pos_
3,11,119.31020455082222,100185.0,0.6725627425609987,0.05,1.0,0.18597462758012215,0.5,0.2686763468604203,,,0.05446028725702156,,LearningParams_Fit_alpha_neg-exp_neg_Fix_alpha_pos-beta-exp_pos_
4,5,119.31020455082295,100185.0,0.17910699151674248,0.05,1.0,0.014437280926597353,0.5,0.2686763424443745,,,0.054460109129937866,,LearningParams_Fit_alpha_neg-exp_neg_Fix_alpha_pos-beta-exp_pos_
5,45,119.31020455082728,100185.0,0.4825467135141806,0.05,1.0,0.14226114843872828,0.5,0.2686762396948991,,,0.05446037550237001,,LearningParams_Fit_alpha_neg-exp_neg_Fix_alpha_pos-beta-exp_pos_
6,39,119.31020455082891,100185.0,0.5320843301742335,0.05,1.0,0.7686660983457659,0.5,0.2686763254000454,,,0.0544600815115595,,LearningParams_Fit_alpha_neg-exp_neg_Fix_alpha_pos-beta-exp_pos_
7,7,119.3102045508318,100185.0,0.2819325072038289,0.05,1.0,0.7326620115009017,0.5,0.268676171105828,,,0.054460377716277125,,LearningParams_Fit_alpha_neg-exp_neg_Fix_alpha_pos-beta-exp_pos_
8,23,119.31020455083193,100185.0,0.6464742126569061,0.05,1.0,0.11249191255094272,0.5,0.26867620913159795,,,0.05446024853369573,,LearningParams_Fit_alpha_neg-exp_neg_Fix_alpha_pos-beta-exp_pos_
9,41,119.31020455083237,100185.0,0.12190680388665942,0.05,1.0,0.17218298205371166,0.5,0.26867616993226195,,,0.05446041305141349,,LearningParams_Fit_alpha_neg-exp_neg_Fix_alpha_pos-beta-exp_pos_
10,35,119.31020455083281,100185.0,0.6409708061786767,0.05,1.0,0.7221311409766719,0.5,0.2686761707746427,,,0.054460335697701735,,LearningParams_Fit_alpha_neg-exp_neg_Fix_alpha_pos-beta-exp_pos_
11,34,119.31020455083338,100185.0,0.4766500184436476,0.05,1.0,0.08936890995462933,0.5,0.2686766734403472,,,0.05446002307234842,,LearningParams_Fit_alpha_neg-exp_neg_Fix_alpha_pos-beta-exp_pos_
12,49,119.31020455083369,100185.0,0.8893826032026226,0.05,1.0,0.15043519363560498,0.5,0.2686765111758781,,,0.05445983615152138,,LearningParams_Fit_alpha_neg-exp_neg_Fix_alpha_pos-beta-exp_pos_
13,12,119.31020455083471,100185.0,0.00020207795184912225,0.05,1.0,0.005416135113269993,0.5,0.26867614871827433,,,0.054460435911226165,,LearningParams_Fit_alpha_neg-exp_neg_Fix_alpha_pos-beta-exp_pos_
14,43,119.31020455083531,100185.0,0.045985069151946216,0.05,1.0,0.9117904504094628,0.5,0.26867680576388786,,,0.054459793823901634,,LearningParams_Fit_alpha_neg-exp_neg_Fix_alpha_pos-beta-exp_pos_
15,19,119.31020455083714,100185.0,0.04060545620838196,0.05,1.0,0.34757794270243925,0.5,0.26867659702681435,,,0.054460147165879436,,LearningParams_Fit_alpha_neg-exp_neg_Fix_alpha_pos-beta-exp_pos_
16,32,119.31020455083723,100185.0,0.3874058235381359,0.05,1.0,0.858518344177525,0.5,0.2686762729197283,,,0.054460099600294826,,LearningParams_Fit_alpha_neg-exp_neg_Fix_alpha_pos-beta-exp_pos_
17,47,119.3102045508398,100185.0,0.7752933975238605,0.05,1.0,0.06388388150403546,0.5,0.26867666991017025,,,0.05445967224218121,,LearningParams_Fit_alpha_neg-exp_neg_Fix_alpha_pos-beta-exp_pos_
18,0,119.31020455083988,100185.0,0.9652996660433664,0.05,1.0,0.09431671148483978,0.5,0.26867686025288073,,,0.054459664155769374,,LearningParams_Fit_alpha_neg-exp_neg_Fix_alpha_pos-beta-exp_pos_
19,38,119.31020455084006,100185.0,0.4279154458396949,0.05,1.0,0.8059279236371072,0.5,0.2686767694196687,,,0.054459916898053184,,LearningParams_Fit_alpha_neg-exp_neg_Fix_alpha_pos-beta-exp_pos_
20,36,119.31020455084007,100185.0,0.4857091593957461,0.05,1.0,0.4796875708692021,0.5,0.2686768085345954,,,0.054459843347641784,,LearningParams_Fit_alpha_neg-exp_neg_Fix_alpha_pos-beta-exp_pos_
21,40,119.31020455084439,100185.0,0.28234474793868525,0.05,1.0,0.3768820315928823,0.5,0.268676069182732,,,0.05446050641289345,,LearningParams_Fit_alpha_neg-exp_neg_Fix_alpha_pos-beta-exp_pos_
22,48,119.31020455084456,100185.0,0.9303427669523204,0.05,1.0,0.8036007096329789,0.5,0.2686768128506648,,,0.05445957468710978,,LearningParams_Fit_alpha_neg-exp_neg_Fix_alpha_pos-beta-exp_pos_
23,24,119.31020455084531,100185.0,0.12727583999053615,0.05,1.0,0.7737015384837267,0.5,0.2686761385107007,,,0.05446026767446077,,LearningParams_Fit_alpha_neg-exp_neg_Fix_alpha_pos-beta-exp_pos_
24,15,119.31020455084595,100185.0,0.8499655453631743,0.05,1.0,0.2407918165455867,0.5,0.2686766948355474,,,0.054460064033312265,,LearningParams_Fit_alpha_neg-exp_neg_Fix_alpha_pos-beta-exp_pos_
25,37,119.31020455084648,100185.0,0.4840598283937621,0.05,1.0,0.7804879206452562,0.5,0.2686766369786409,,,0.05446014213009967,,LearningParams_Fit_alpha_neg-exp_neg_Fix_alpha_pos-beta-exp_pos_
26,25,119.3102045508469,100185.0,0.291480193312188,0.05,1.0,0.5487937336465042,0.5,0.26867655330091184,,,0.0544597337237682,,LearningParams_Fit_alpha_neg-exp_neg_Fix_alpha_pos-beta-exp_pos_
27,22,119.31020455085155,100185.0,0.13289805847385594,0.05,1.0,0.08637653529144884,0.5,0.2686767897794999,,,0.05445995266607862,,LearningParams_Fit_alpha_neg-exp_neg_Fix_alpha_pos-beta-exp_pos_
28,30,119.31020455085638,100185.0,0.5126613924058123,0.05,1.0,0.12233539453443565,0.5,0.26867641223014715,,,0.0544598410118961,,LearningParams_Fit_alpha_neg-exp_neg_Fix_alpha_pos-beta-exp_pos_
29,18,119.31020455085756,100185.0,0.010933411786171354,0.05,1.0,0.2265445823493385,0.5,0.26867684253099144,,,0.05445989864543097,,LearningParams_Fit_alpha_neg-exp_neg_Fix_alpha_pos-beta-exp_pos_
30,6,119.31020455085785,100185.0,0.3046475322624567,0.05,1.0,0.2722244786156067,0.5,0.2686769641451898,,,0.05445964441165993,,LearningParams_Fit_alpha_neg-exp_neg_Fix_alpha_pos-beta-exp_pos_
31,10,119.31020455085918,100185.0,0.08636112251092476,0.05,1.0,0.36393431878511373,0.5,0.2686759724609069,,,0.054460573118968125,,LearningParams_Fit_alpha_neg-exp_neg_Fix_alpha_pos-beta-exp_pos_
32,33,119.31020455085951,100185.0,0.3385119374114152,0.05,1.0,0.5608645714165716,0.5,0.26867698631640186,,,0.05445958441921546,,LearningParams_Fit_alpha_neg-exp_neg_Fix_alpha_pos-beta-exp_pos_
33,8,119.31020455087678,100185.0,0.9579636168643864,0.05,1.0,0.8994745368962519,0.5,0.26867639178458635,,,0.05445979693312968,,LearningParams_Fit_alpha_neg-exp_neg_Fix_alpha_pos-beta-exp_pos_
34,46,119.31020455088208,100185.0,0.5648413005273074,0.05,1.0,0.2496629165956308,0.5,0.2686767497683949,,,0.054459447675358964,,LearningParams_Fit_alpha_neg-exp_neg_Fix_alpha_pos-beta-exp_pos_
35,31,130.8897388844996,100185.0,0.5693852448088247,0.05,1.0,0.4487584375285905,0.5,0.6598977140370405,,,-0.1762276989016766,,LearningParams_Fit_alpha_neg-exp_neg_Fix_alpha_pos-beta-exp_pos_
36,1,130.8897388845266,100185.0,0.5680754921518285,0.05,1.0,0.8207964873569579,0.5,0.6598979635651273,,,-0.1762280624023353,,LearningParams_Fit_alpha_neg-exp_neg_Fix_alpha_pos-beta-exp_pos_
37,4,130.88973888463426,100185.0,0.5978084178273332,0.05,1.0,0.6883021851543732,0.5,0.6598979990179767,,,-0.1762281111286294,,LearningParams_Fit_alpha_neg-exp_neg_Fix_alpha_pos-beta-exp_pos_
38,14,133.3262971959611,100185.0,0.7245557197010484,0.05,1.0,0.5207596584908218,0.5,0.7568937276015637,,,-0.2158803156541588,,LearningParams_Fit_alpha_neg-exp_neg_Fix_alpha_pos-beta-exp_pos_
39,20,133.32629719598373,100185.0,0.6317301039338206,0.05,1.0,0.4597663121592464,0.5,0.7568939992428781,,,-0.21588065535988146,,LearningParams_Fit_alpha_neg-exp_neg_Fix_alpha_pos-beta-exp_pos_
40,44,133.32644686972472,100185.0,0.7134490468329203,0.05,1.0,0.5494030059831958,0.5,0.7575423939562289,,,-0.21670272599470009,,LearningParams_Fit_alpha_neg-exp_neg_Fix_alpha_pos-beta-exp_pos_
41,13,136.09938241754716,100185.0,0.82311609487221,0.05,1.0,0.3981977986809797,0.5,0.8849001921582546,,,-0.2633694465582263,,LearningParams_Fit_alpha_neg-exp_neg_Fix_alpha_pos-beta-exp_pos_
42,9,136.099382417552,100185.0,0.8617527440864653,0.05,1.0,0.6146036147532759,0.5,0.8849004413546093,,,-0.2633697147650805,,LearningParams_Fit_alpha_neg-exp_neg_Fix_alpha_pos-beta-exp_pos_
43,28,136.09938241757158,100185.0,0.8477643744524299,0.05,1.0,0.4697303232158019,0.5,0.8849002289348462,,,-0.2633694846208926,,LearningParams_Fit_alpha_neg-exp_neg_Fix_alpha_pos-beta-exp_pos_
44,27,136.09938241757325,100185.0,0.8730421827829258,0.05,1.0,0.9693252491597449,0.5,0.8849003488260998,,,-0.2633696171595679,,LearningParams_Fit_alpha_neg-exp_neg_Fix_alpha_pos-beta-exp_pos_
45,16,136.09938241758857,100185.0,0.6763470145481709,0.05,1.0,0.37999565864632057,0.5,0.8848998582264783,,,-0.2633690932043464,,LearningParams_Fit_alpha_neg-exp_neg_Fix_alpha_pos-beta-exp_pos_
46,2,139.34646940271594,100185.0,0.902878699893934,0.05,1.0,0.967585539412696,0.5,1.060179384654139,,,-0.3214691587325387,,LearningParams_Fit_alpha_neg-exp_neg_Fix_alpha_pos-beta-exp_pos_
47,3,139.34646940277528,100185.0,0.8420701111242068,0.05,1.0,0.28987464469106783,0.5,1.0601789379158892,,,-0.3214687730055045,,LearningParams_Fit_alpha_neg-exp_neg_Fix_alpha_pos-beta-exp_pos_
48,42,143.21936243443946,100185.0,0.9448844048063658,0.05,1.0,0.2626035404354917,0.5,1.3121099734560375,,,-0.3947886506803429,,LearningParams_Fit_alpha_neg-exp_neg_Fix_alpha_pos-beta-exp_pos_
49,17,143.21936243445063,100185.0,0.9820295344381926,0.05,1.0,0.3277028218174276,0.5,1.312109855341805,,,-0.39478856934059176,,LearningParams_Fit_alpha_neg-exp_neg_Fix_alpha_pos-beta-exp_pos_
0,30,40.943256892082864,200173.0,0.012565929522168728,0.05,1.0,0.8631652598520655,0.5,5.235761344399612e-07,,,3.2766658199521697,,LearningParams_Fit_alpha_neg-exp_neg_Fix_alpha_pos-beta-exp_pos_
1,27,40.94391087784614,200173.0,0.08387391460485771,0.05,1.0,0.6380728978860568,0.5,6.584738348445746e-07,,,3.2263669258326497,,LearningParams_Fit_alpha_neg-exp_neg_Fix_alpha_pos-beta-exp_pos_
2,7,40.94456098047701,200173.0,0.059752362014797826,0.05,1.0,0.4962715284922212,0.5,7.678930129565662e-07,,,3.1927515611521597,,LearningParams_Fit_alpha_neg-exp_neg_Fix_alpha_pos-beta-exp_pos_
3,17,40.944777385309294,200173.0,0.10810682248076653,0.05,1.0,0.3037691394779566,0.5,7.88733720760398e-07,,,3.186637729583615,,LearningParams_Fit_alpha_neg-exp_neg_Fix_alpha_pos-beta-exp_pos_
4,37,40.94494342330562,200173.0,0.2053521790121826,0.05,1.0,0.4709900703966941,0.5,8.378698251980938e-07,,,3.1739510395811217,,LearningParams_Fit_alpha_neg-exp_neg_Fix_alpha_pos-beta-exp_pos_
5,43,40.945067844153364,200173.0,0.3978531316848409,0.05,1.0,0.4706295064899709,0.5,8.623007023692509e-07,,,3.1678713770068687,,LearningParams_Fit_alpha_neg-exp_neg_Fix_alpha_pos-beta-exp_pos_
6,45,40.94514754954887,200173.0,0.15149423733738854,0.05,1.0,0.07330437967532111,0.5,8.487323427847252e-07,,,3.1706793341928603,,LearningParams_Fit_alpha_neg-exp_neg_Fix_alpha_pos-beta-exp_pos_
7,15,40.945208194414576,200173.0,0.055834822603323515,0.05,1.0,0.9501616424674721,0.5,8.861653658370659e-07,,,3.1623456738482645,,LearningParams_Fit_alpha_neg-exp_neg_Fix_alpha_pos-beta-exp_pos_
8,47,40.945225109962585,200173.0,0.045688447121174036,0.05,1.0,0.5193603393827648,0.5,8.771979513062542e-07,,,3.1638004035679863,,LearningParams_Fit_alpha_neg-exp_neg_Fix_alpha_pos-beta-exp_pos_
9,23,40.945225216435645,200173.0,0.4740146009632749,0.05,1.0,0.2106454165669256,0.5,8.896482961448656e-07,,,3.161233109970381,,LearningParams_Fit_alpha_neg-exp_neg_Fix_alpha_pos-beta-exp_pos_
10,46,40.94580247391848,200173.0,0.9849955250491992,0.05,1.0,0.4447708012936668,0.5,9.764323739261976e-07,,,3.1407150936749773,,LearningParams_Fit_alpha_neg-exp_neg_Fix_alpha_pos-beta-exp_pos_
11,9,40.94580803358199,200173.0,0.3960691814557836,0.05,1.0,0.14289149219624264,0.5,9.783578799366723e-07,,,3.1403273740634083,,LearningParams_Fit_alpha_neg-exp_neg_Fix_alpha_pos-beta-exp_pos_
12,1,40.945924983867705,200173.0,0.498772717795271,0.05,1.0,0.10926880666258297,0.5,9.929615905835357e-07,,,3.136980270008773,,LearningParams_Fit_alpha_neg-exp_neg_Fix_alpha_pos-beta-exp_pos_
13,34,40.9463919701008,200173.0,0.09851671342028878,0.05,1.0,0.5945989436972484,0.5,1.0711775409266422e-06,,,3.120735845707757,,LearningParams_Fit_alpha_neg-exp_neg_Fix_alpha_pos-beta-exp_pos_
14,12,40.94652895449575,200173.0,0.4561760240169674,0.05,1.0,0.19892883985027865,0.5,1.0774041730498378e-06,,,3.120408002485817,,LearningParams_Fit_alpha_neg-exp_neg_Fix_alpha_pos-beta-exp_pos_
15,38,40.94716252634719,200173.0,0.9766746429456932,0.05,1.0,0.3265455427824377,0.5,1.1409591473054008e-06,,,3.106063211384184,,LearningParams_Fit_alpha_neg-exp_neg_Fix_alpha_pos-beta-exp_pos_
16,4,40.947297195340425,200173.0,0.6579155788181501,0.05,1.0,0.4823971058798616,0.5,1.2015577841769907e-06,,,3.0954902426701496,,LearningParams_Fit_alpha_neg-exp_neg_Fix_alpha_pos-beta-exp_pos_
17,11,40.94741111701518,200173.0,0.7920463088359202,0.05,1.0,0.09331930303986592,0.5,1.2257230835588418e-06,,,3.091415462624777,,LearningParams_Fit_alpha_neg-exp_neg_Fix_alpha_pos-beta-exp_pos_
18,3,40.94747809905073,200173.0,0.3372582586572805,0.05,1.0,0.08719429690678204,0.5,1.166355898026781e-06,,,3.101033017249197,,LearningParams_Fit_alpha_neg-exp_neg_Fix_alpha_pos-beta-exp_pos_
19,26,40.94764942000874,200173.0,0.594770281468448,0.05,1.0,0.23923620261731735,0.5,1.246977981019279e-06,,,3.0872443388372113,,LearningParams_Fit_alpha_neg-exp_neg_Fix_alpha_pos-beta-exp_pos_
20,49,40.94807748023837,200173.0,0.06549481125401768,0.05,1.0,0.521819542736239,0.5,1.2828571937955256e-06,,,3.0806336528374314,,LearningParams_Fit_alpha_neg-exp_neg_Fix_alpha_pos-beta-exp_pos_
21,13,40.94877400692415,200173.0,0.8545834210957414,0.05,1.0,0.29177867863409523,0.5,1.3714732435414586e-06,,,3.0659315631323407,,LearningParams_Fit_alpha_neg-exp_neg_Fix_alpha_pos-beta-exp_pos_
22,36,40.95027141779568,200173.0,0.8084972222124276,0.05,1.0,0.4004185940177895,0.5,1.589470689935732e-06,,,3.0338070569534503,,LearningParams_Fit_alpha_neg-exp_neg_Fix_alpha_pos-beta-exp_pos_
23,31,40.950622375396826,200173.0,0.6371690711268116,0.05,1.0,0.1634719817253547,0.5,1.7082993595942801e-06,,,3.0197737509354354,,LearningParams_Fit_alpha_neg-exp_neg_Fix_alpha_pos-beta-exp_pos_
24,42,40.951087508417714,200173.0,0.3468020733638959,0.05,1.0,0.2413075717938207,0.5,1.7029629415213172e-06,,,3.0187283637982136,,LearningParams_Fit_alpha_neg-exp_neg_Fix_alpha_pos-beta-exp_pos_
25,14,40.95376782965799,200173.0,0.8554383349369578,0.05,1.0,0.12145906422681052,0.5,2.1140018498265257e-06,,,2.971782181815785,,LearningParams_Fit_alpha_neg-exp_neg_Fix_alpha_pos-beta-exp_pos_
26,40,40.964022037810594,200173.0,0.4926577745138103,0.05,1.0,0.4186398611267855,0.5,3.7568970555418457e-06,,,2.8466648741266263,,LearningParams_Fit_alpha_neg-exp_neg_Fix_alpha_pos-beta-exp_pos_
27,41,94.13726728348036,200173.0,0.6747185051354435,0.05,1.0,0.8465311837089701,0.5,3.6598194796042094,,,-21.927556352532786,,LearningParams_Fit_alpha_neg-exp_neg_Fix_alpha_pos-beta-exp_pos_
28,39,94.13726728348036,200173.0,0.8026766674257609,0.05,1.0,0.9138398688739928,0.5,5.56192980779593,,,-22.198148732289447,,LearningParams_Fit_alpha_neg-exp_neg_Fix_alpha_pos-beta-exp_pos_
29,24,94.13726728348036,200173.0,0.29565136035858275,0.05,1.0,0.8607167860941691,0.5,1.5384986536863234,,,-21.39267863562765,,LearningParams_Fit_alpha_neg-exp_neg_Fix_alpha_pos-beta-exp_pos_
30,19,94.13726728348036,200173.0,0.6962268463756802,0.05,1.0,0.6887079742479819,0.5,4.3804626537088724,,,-21.883309156060424,,LearningParams_Fit_alpha_neg-exp_neg_Fix_alpha_pos-beta-exp_pos_
31,22,94.13726728348036,200173.0,0.4735073187185824,0.05,1.0,0.8505970537215047,0.5,2.5149007182356145,,,-21.566165621877552,,LearningParams_Fit_alpha_neg-exp_neg_Fix_alpha_pos-beta-exp_pos_
32,21,94.13726728348036,200173.0,0.2894705566854342,0.05,1.0,0.8283810791732094,0.5,1.5685473775824263,,,-21.416805863628312,,LearningParams_Fit_alpha_neg-exp_neg_Fix_alpha_pos-beta-exp_pos_
33,29,94.13726728348036,200173.0,0.11414353219171358,0.05,1.0,0.8029682747445106,0.5,0.6154404818648203,,,-20.659485660766922,,LearningParams_Fit_alpha_neg-exp_neg_Fix_alpha_pos-beta-exp_pos_
34,2,94.13726728348038,200173.0,0.622153607568911,0.05,1.0,0.6436261161388788,0.5,5.272053116481675,,,-22.78976996502612,,LearningParams_Fit_alpha_neg-exp_neg_Fix_alpha_pos-beta-exp_pos_
35,5,94.13726728348038,200173.0,0.38833639242022855,0.05,1.0,0.7470932726574375,0.5,2.3796507035037338,,,-24.003362675543922,,LearningParams_Fit_alpha_neg-exp_neg_Fix_alpha_pos-beta-exp_pos_
36,6,94.13726728348038,200173.0,0.6488639885835209,0.05,1.0,0.8869149184509568,0.5,3.5159842139191,,,-22.930128540572486,,LearningParams_Fit_alpha_neg-exp_neg_Fix_alpha_pos-beta-exp_pos_
37,44,94.13726728348038,200173.0,0.6620499598197995,0.05,1.0,0.6949079485797026,0.5,3.168335769625945,,,-26.02185963855318,,LearningParams_Fit_alpha_neg-exp_neg_Fix_alpha_pos-beta-exp_pos_
38,8,94.13726728348038,200173.0,0.9499269182522244,0.05,1.0,0.7196232907027779,0.5,8.049563819730638,,,-25.48070820210873,,LearningParams_Fit_alpha_neg-exp_neg_Fix_alpha_pos-beta-exp_pos_
39,10,94.13726728348038,200173.0,0.12360232892740752,0.05,1.0,0.7663370303204848,0.5,0.7574112927035012,,,-24.621645440670854,,LearningParams_Fit_alpha_neg-exp_neg_Fix_alpha_pos-beta-exp_pos_
40,16,94.13726728348038,200173.0,0.18164412830191798,0.05,1.0,0.6447331195065147,0.5,1.4302457328425258,,,-28.34908526269198,,LearningParams_Fit_alpha_neg-exp_neg_Fix_alpha_pos-beta-exp_pos_
41,28,94.13726728348038,200173.0,0.24696965005187801,0.05,1.0,0.5181703620044052,0.5,1.9446116504310773,,,-22.78408744428464,,LearningParams_Fit_alpha_neg-exp_neg_Fix_alpha_pos-beta-exp_pos_
42,20,94.13726728348038,200173.0,0.4858427621728626,0.05,1.0,0.6880029872378417,0.5,2.9771509787982815,,,-22.1048506644763,,LearningParams_Fit_alpha_neg-exp_neg_Fix_alpha_pos-beta-exp_pos_
43,35,94.13726728348038,200173.0,0.4366500805787036,0.05,1.0,0.9453388083465514,0.5,2.3660656429287936,,,-24.440608607235532,,LearningParams_Fit_alpha_neg-exp_neg_Fix_alpha_pos-beta-exp_pos_
44,48,94.13726728348038,200173.0,0.12166000983681954,0.05,1.0,0.6578711155456463,0.5,0.7455091349851768,,,-21.136743641175183,,LearningParams_Fit_alpha_neg-exp_neg_Fix_alpha_pos-beta-exp_pos_
45,33,94.13726728348038,200173.0,0.7958715574268709,0.05,1.0,0.6443475247915172,0.5,6.266604428900143,,,-28.332130561402955,,LearningParams_Fit_alpha_neg-exp_neg_Fix_alpha_pos-beta-exp_pos_
46,32,94.13726728348038,200173.0,0.49188159465135,0.05,1.0,0.9673097848497126,0.5,2.6653473645330803,,,-25.00864202836602,,LearningParams_Fit_alpha_neg-exp_neg_Fix_alpha_pos-beta-exp_pos_
47,25,94.13726728348038,200173.0,0.7658646723605166,0.05,1.0,0.7267681498615519,0.5,4.69307137302558,,,-23.350336725839853,,LearningParams_Fit_alpha_neg-exp_neg_Fix_alpha_pos-beta-exp_pos_
48,18,94.13726728348038,200173.0,0.4213984749893521,0.05,1.0,0.6497472199329216,0.5,3.318044884324931,,,-28.569556580518395,,LearningParams_Fit_alpha_neg-exp_neg_Fix_alpha_pos-beta-exp_pos_
49,0,94.13726728348038,200173.0,0.8192301585270367,0.05,1.0,0.6917857852240773,0.5,3.9205443279901218,,,-25.90494559724044,,LearningParams_Fit_alpha_neg-exp_neg_Fix_alpha_pos-beta-exp_pos_
0,3,117.26042614891723,409874.0,0.6235538912443424,0.05,1.0,0.7707786318815897,0.5,0.2801726999201962,,,0.030598870000780893,,LearningParams_Fit_alpha_neg-exp_neg_Fix_alpha_pos-beta-exp_pos_
1,46,117.26042614891732,409874.0,0.00032422741170190505,0.05,1.0,0.15191558960538,0.5,0.28017270486165224,,,0.030598859094284718,,LearningParams_Fit_alpha_neg-exp_neg_Fix_alpha_pos-beta-exp_pos_
2,4,117.26042614891873,409874.0,0.6356869579788088,0.05,1.0,0.3909432759713461,0.5,0.2801727315154515,,,0.030598949590239545,,LearningParams_Fit_alpha_neg-exp_neg_Fix_alpha_pos-beta-exp_pos_
3,10,117.26042614891917,409874.0,0.6867866822420423,0.05,1.0,0.8325235828726791,0.5,0.28017250488269474,,,0.030599189830193118,,LearningParams_Fit_alpha_neg-exp_neg_Fix_alpha_pos-beta-exp_pos_
4,0,117.2604261489193,409874.0,0.6985490254008021,0.05,1.0,0.2774425943095744,0.5,0.280172417233072,,,0.030599153974057994,,LearningParams_Fit_alpha_neg-exp_neg_Fix_alpha_pos-beta-exp_pos_
5,38,117.26042614891935,409874.0,0.4740820465844639,0.05,1.0,0.8289930576789123,0.5,0.28017279924388805,,,0.030598777755025463,,LearningParams_Fit_alpha_neg-exp_neg_Fix_alpha_pos-beta-exp_pos_
6,23,117.26042614892023,409874.0,0.826529402686821,0.05,1.0,0.4924565784781471,0.5,0.28017282689161715,,,0.030598760087606806,,LearningParams_Fit_alpha_neg-exp_neg_Fix_alpha_pos-beta-exp_pos_
7,39,117.26042614892059,409874.0,0.4081872469980553,0.05,1.0,0.8396322539178034,0.5,0.2801726695055861,,,0.03059905330637592,,LearningParams_Fit_alpha_neg-exp_neg_Fix_alpha_pos-beta-exp_pos_
8,33,117.26042614892071,409874.0,0.1443715903819225,0.05,1.0,0.19072057349128746,0.5,0.28017261066283194,,,0.030599117707842932,,LearningParams_Fit_alpha_neg-exp_neg_Fix_alpha_pos-beta-exp_pos_
9,28,117.26042614892106,409874.0,0.3275640925193811,0.05,1.0,0.6516610229138077,0.5,0.2801728386862958,,,0.030598734313450594,,LearningParams_Fit_alpha_neg-exp_neg_Fix_alpha_pos-beta-exp_pos_
10,6,117.26042614892107,409874.0,0.1926677316194434,0.05,1.0,0.15233025602525596,0.5,0.2801723949788081,,,0.030599282069484413,,LearningParams_Fit_alpha_neg-exp_neg_Fix_alpha_pos-beta-exp_pos_
11,19,117.26042614892118,409874.0,0.8762498299981677,0.05,1.0,0.16172776145026424,0.5,0.2801728304427959,,,0.030598837761640494,,LearningParams_Fit_alpha_neg-exp_neg_Fix_alpha_pos-beta-exp_pos_
12,21,117.26042614892351,409874.0,0.5664764905119848,0.05,1.0,0.13618697081683984,0.5,0.28017264031484673,,,0.030599115596295582,,LearningParams_Fit_alpha_neg-exp_neg_Fix_alpha_pos-beta-exp_pos_
13,48,117.26042614892393,409874.0,0.5065696380810221,0.05,1.0,0.9771622916640996,0.5,0.28017243713088325,,,0.0305990492153626,,LearningParams_Fit_alpha_neg-exp_neg_Fix_alpha_pos-beta-exp_pos_
14,44,117.26042614892435,409874.0,0.3101207430917292,0.05,1.0,0.3637843143399845,0.5,0.280172466675216,,,0.03059900749083328,,LearningParams_Fit_alpha_neg-exp_neg_Fix_alpha_pos-beta-exp_pos_
15,27,117.26042614892448,409874.0,0.2810990054459133,0.05,1.0,0.9785563879609318,0.5,0.2801722866491977,,,0.03059930009422446,,LearningParams_Fit_alpha_neg-exp_neg_Fix_alpha_pos-beta-exp_pos_
16,29,117.2604261489246,409874.0,0.4418790576349132,0.05,1.0,0.911049299178552,0.5,0.280172843106787,,,0.030598874826473225,,LearningParams_Fit_alpha_neg-exp_neg_Fix_alpha_pos-beta-exp_pos_
17,5,117.26042614892546,409874.0,0.5826011900916623,0.05,1.0,0.7004045941206761,0.5,0.28017266234411337,,,0.03059879049438885,,LearningParams_Fit_alpha_neg-exp_neg_Fix_alpha_pos-beta-exp_pos_
18,36,117.26042614892565,409874.0,0.1287071532485784,0.05,1.0,0.38325707964014266,0.5,0.2801722882203287,,,0.030599388285003457,,LearningParams_Fit_alpha_neg-exp_neg_Fix_alpha_pos-beta-exp_pos_
19,8,117.26042614892609,409874.0,0.17551293319283034,0.05,1.0,0.8657649078280729,0.5,0.2801728099300773,,,0.030598940718416588,,LearningParams_Fit_alpha_neg-exp_neg_Fix_alpha_pos-beta-exp_pos_
20,40,117.26042614892657,409874.0,0.6800241563794532,0.05,1.0,0.8679314161593426,0.5,0.2801729238822308,,,0.030598612006213367,,LearningParams_Fit_alpha_neg-exp_neg_Fix_alpha_pos-beta-exp_pos_
21,9,117.26042614892664,409874.0,0.5807633430326581,0.05,1.0,0.8873245331876285,0.5,0.28017254012294845,,,0.03059890301839665,,LearningParams_Fit_alpha_neg-exp_neg_Fix_alpha_pos-beta-exp_pos_
22,1,117.26042614892731,409874.0,0.09082683321859496,0.05,1.0,0.016091331489923474,0.5,0.28017285064249925,,,0.0305988952539738,,LearningParams_Fit_alpha_neg-exp_neg_Fix_alpha_pos-beta-exp_pos_
23,17,117.26042614892759,409874.0,0.8195537586696621,0.05,1.0,0.5838067044521302,0.5,0.2801723833430939,,,0.03059937222038005,,LearningParams_Fit_alpha_neg-exp_neg_Fix_alpha_pos-beta-exp_pos_
24,25,117.2604261489277,409874.0,0.4371279708747813,0.05,1.0,0.2945915799217399,0.5,0.2801724495577422,,,0.030599326640712268,,LearningParams_Fit_alpha_neg-exp_neg_Fix_alpha_pos-beta-exp_pos_
25,37,117.26042614892937,409874.0,0.11971545600868473,0.05,1.0,0.13374545011224348,0.5,0.28017290462130945,,,0.030598837032701776,,LearningParams_Fit_alpha_neg-exp_neg_Fix_alpha_pos-beta-exp_pos_
26,34,117.26042614892994,409874.0,0.7759202076120668,0.05,1.0,0.9001032393006944,0.5,0.2801722253374944,,,0.03059931146285608,,LearningParams_Fit_alpha_neg-exp_neg_Fix_alpha_pos-beta-exp_pos_
27,18,117.26042614893005,409874.0,0.03781006040239554,0.05,1.0,0.9668800120545888,0.5,0.2801725670481078,,,0.030599240193896263,,LearningParams_Fit_alpha_neg-exp_neg_Fix_alpha_pos-beta-exp_pos_
28,16,117.26042614893008,409874.0,0.32736688441287953,0.05,1.0,0.0119530953215653,0.5,0.2801723617050648,,,0.03059909125810249,,LearningParams_Fit_alpha_neg-exp_neg_Fix_alpha_pos-beta-exp_pos_
29,45,117.2604261489302,409874.0,0.594987415780468,0.05,1.0,0.05498294905028567,0.5,0.2801721938042695,,,0.030599394580298988,,LearningParams_Fit_alpha_neg-exp_neg_Fix_alpha_pos-beta-exp_pos_
30,12,117.26042614893021,409874.0,0.6993646859893299,0.05,1.0,0.9915061864891936,0.5,0.2801724817415918,,,0.030598942377512914,,LearningParams_Fit_alpha_neg-exp_neg_Fix_alpha_pos-beta-exp_pos_
31,2,117.26042614893042,409874.0,0.4233875769293741,0.05,1.0,0.4560720084787945,0.5,0.28017284536294285,,,0.03059893022923048,,LearningParams_Fit_alpha_neg-exp_neg_Fix_alpha_pos-beta-exp_pos_
32,47,117.26042614893045,409874.0,0.7162813595889924,0.05,1.0,0.9449299547849452,0.5,0.2801722029359204,,,0.03059946315703517,,LearningParams_Fit_alpha_neg-exp_neg_Fix_alpha_pos-beta-exp_pos_
33,42,117.26042614893045,409874.0,0.4471846326863117,0.05,1.0,0.3349408891107345,0.5,0.2801725870451385,,,0.0305992251466223,,LearningParams_Fit_alpha_neg-exp_neg_Fix_alpha_pos-beta-exp_pos_
34,7,117.26042614893095,409874.0,0.8343435402452856,0.05,1.0,0.0402164193311193,0.5,0.2801725844240122,,,0.03059882596451449,,LearningParams_Fit_alpha_neg-exp_neg_Fix_alpha_pos-beta-exp_pos_
35,43,117.260426148931,409874.0,0.4419085072392857,0.05,1.0,0.2784269506763948,0.5,0.28017246251943184,,,0.030599340302742594,,LearningParams_Fit_alpha_neg-exp_neg_Fix_alpha_pos-beta-exp_pos_
36,31,117.26042614893193,409874.0,0.6571953924754209,0.05,1.0,0.05582603602919378,0.5,0.2801729203074604,,,0.030598548127327888,,LearningParams_Fit_alpha_neg-exp_neg_Fix_alpha_pos-beta-exp_pos_
37,26,117.2604261489326,409874.0,0.4730553216139052,0.05,1.0,0.07324834027010696,0.5,0.2801722151724748,,,0.030599501150008424,,LearningParams_Fit_alpha_neg-exp_neg_Fix_alpha_pos-beta-exp_pos_
38,11,117.26042614893404,409874.0,0.710063448644268,0.05,1.0,0.8790542825032823,0.5,0.2801722665528689,,,0.03059919103813568,,LearningParams_Fit_alpha_neg-exp_neg_Fix_alpha_pos-beta-exp_pos_
39,22,117.26042614893429,409874.0,0.2536473153962361,0.05,1.0,0.2837225599582379,0.5,0.2801730684704601,,,0.030598514793826883,,LearningParams_Fit_alpha_neg-exp_neg_Fix_alpha_pos-beta-exp_pos_
40,13,117.26042614893535,409874.0,0.12705989630826742,0.05,1.0,0.09735962045142277,0.5,0.28017307613676795,,,0.030598488949118763,,LearningParams_Fit_alpha_neg-exp_neg_Fix_alpha_pos-beta-exp_pos_
41,14,117.26042614893792,409874.0,0.4876187695971845,0.05,1.0,0.6114971971938793,0.5,0.2801730446812967,,,0.030598694945606183,,LearningParams_Fit_alpha_neg-exp_neg_Fix_alpha_pos-beta-exp_pos_
42,30,117.26042614893801,409874.0,0.9238752701983683,0.05,1.0,0.21857398977725265,0.5,0.2801726152444292,,,0.03059924180493012,,LearningParams_Fit_alpha_neg-exp_neg_Fix_alpha_pos-beta-exp_pos_
43,15,117.26042614893998,409874.0,0.6247372097234674,0.05,1.0,0.06759373905640131,0.5,0.2801725229685921,,,0.030598837523972244,,LearningParams_Fit_alpha_neg-exp_neg_Fix_alpha_pos-beta-exp_pos_
44,32,117.2604261489407,409874.0,0.36656214064418935,0.05,1.0,0.8167897073063086,0.5,0.28017274608563464,,,0.030598617184208917,,LearningParams_Fit_alpha_neg-exp_neg_Fix_alpha_pos-beta-exp_pos_
45,20,117.26042614894862,409874.0,0.3605785097907969,0.05,1.0,0.26096760341118674,0.5,0.2801723151187812,,,0.030599560020407108,,LearningParams_Fit_alpha_neg-exp_neg_Fix_alpha_pos-beta-exp_pos_
46,24,117.2604261489617,409874.0,0.514755244905996,0.05,1.0,0.9787666685533192,0.5,0.2801723589539242,,,0.030598921536167983,,LearningParams_Fit_alpha_neg-exp_neg_Fix_alpha_pos-beta-exp_pos_
47,49,117.26042614896784,409874.0,0.31010328957568045,0.05,1.0,0.1280913446015215,0.5,0.280172831358951,,,0.03059914111759145,,LearningParams_Fit_alpha_neg-exp_neg_Fix_alpha_pos-beta-exp_pos_
48,41,127.87949843326393,409874.0,0.7439982774321559,0.05,1.0,0.9960285371209886,0.5,0.7925526954475735,,,-0.26032707860779075,,LearningParams_Fit_alpha_neg-exp_neg_Fix_alpha_pos-beta-exp_pos_
49,35,130.87754859338452,409874.0,0.9340201665139704,0.05,1.0,0.8533996191572372,0.5,0.9308590979141182,,,-0.31151099049989983,,LearningParams_Fit_alpha_neg-exp_neg_Fix_alpha_pos-beta-exp_pos_
0,36,127.2319115102105,200056.0,0.7461559414933058,0.05,1.0,0.01916430160731375,0.5,0.3973662237716078,,,-0.15658789876298607,,LearningParams_Fit_alpha_neg-exp_neg_Fix_alpha_pos-beta-exp_pos_
1,35,127.23191151021072,200056.0,0.0549830781018007,0.05,1.0,0.9555917861207528,0.5,0.3973658592797396,,,-0.15658765357105184,,LearningParams_Fit_alpha_neg-exp_neg_Fix_alpha_pos-beta-exp_pos_
2,15,127.23191151021128,200056.0,0.2356672520404813,0.05,1.0,0.3171913018509298,0.5,0.3973660855094624,,,-0.15658773324379785,,LearningParams_Fit_alpha_neg-exp_neg_Fix_alpha_pos-beta-exp_pos_
3,30,127.23191151021204,200056.0,0.3317002277433556,0.05,1.0,0.023276182503452758,0.5,0.3973662464223354,,,-0.1565878757412465,,LearningParams_Fit_alpha_neg-exp_neg_Fix_alpha_pos-beta-exp_pos_
4,7,127.23191151021288,200056.0,0.568573035255849,0.05,1.0,0.3650937116786756,0.5,0.3973657800490417,,,-0.15658762420235012,,LearningParams_Fit_alpha_neg-exp_neg_Fix_alpha_pos-beta-exp_pos_
5,29,127.23191151021372,200056.0,0.042026407891299855,0.05,1.0,0.7205017593257963,0.5,0.3973663150283419,,,-0.1565879354195106,,LearningParams_Fit_alpha_neg-exp_neg_Fix_alpha_pos-beta-exp_pos_
6,28,127.23191151021405,200056.0,0.4745349273354326,0.05,1.0,0.453528769041161,0.5,0.3973657637232165,,,-0.15658764425873334,,LearningParams_Fit_alpha_neg-exp_neg_Fix_alpha_pos-beta-exp_pos_
7,47,127.23191151021412,200056.0,0.5478328692221212,0.05,1.0,0.9807105446883896,0.5,0.3973662709430602,,,-0.15658786316123965,,LearningParams_Fit_alpha_neg-exp_neg_Fix_alpha_pos-beta-exp_pos_
8,12,127.2319115102144,200056.0,0.3023640672020825,0.05,1.0,0.3625697293422813,0.5,0.39736575918393613,,,-0.15658764830501068,,LearningParams_Fit_alpha_neg-exp_neg_Fix_alpha_pos-beta-exp_pos_
9,41,127.23191151021446,200056.0,0.2784913662815605,0.05,1.0,0.35463424154928225,0.5,0.3973658490754913,,,-0.15658755979333602,,LearningParams_Fit_alpha_neg-exp_neg_Fix_alpha_pos-beta-exp_pos_
10,24,127.23191151021477,200056.0,0.11865020767990953,0.05,1.0,0.5311072991011785,0.5,0.3973663138282408,,,-0.15658790796301714,,LearningParams_Fit_alpha_neg-exp_neg_Fix_alpha_pos-beta-exp_pos_
11,38,127.2319115102148,200056.0,0.5341656128084185,0.05,1.0,0.5987379847007934,0.5,0.3973662936975879,,,-0.1565880440799532,,LearningParams_Fit_alpha_neg-exp_neg_Fix_alpha_pos-beta-exp_pos_
12,39,127.23191151021484,200056.0,0.8975216840617922,0.05,1.0,0.4488243542837895,0.5,0.3973658412361323,,,-0.1565875522732425,,LearningParams_Fit_alpha_neg-exp_neg_Fix_alpha_pos-beta-exp_pos_
13,40,127.23191151021486,200056.0,0.2040262111869754,0.05,1.0,0.9639099423843536,0.5,0.3973659111112704,,,-0.156587825182776,,LearningParams_Fit_alpha_neg-exp_neg_Fix_alpha_pos-beta-exp_pos_
14,45,127.2319115102155,200056.0,0.9566731737872832,0.05,1.0,0.1306556590432265,0.5,0.3973663398224022,,,-0.1565879301458996,,LearningParams_Fit_alpha_neg-exp_neg_Fix_alpha_pos-beta-exp_pos_
15,44,127.23191151021618,200056.0,0.8553661216943368,0.05,1.0,0.0679405786464582,0.5,0.3973661026094023,,,-0.156587687211249,,LearningParams_Fit_alpha_neg-exp_neg_Fix_alpha_pos-beta-exp_pos_
16,2,127.2319115102162,200056.0,0.4928950506779531,0.05,1.0,0.8732863776858022,0.5,0.3973663912715987,,,-0.15658801768116215,,LearningParams_Fit_alpha_neg-exp_neg_Fix_alpha_pos-beta-exp_pos_
17,1,127.23191151021757,200056.0,0.5675394546772049,0.05,1.0,0.902213952257916,0.5,0.397365752905514,,,-0.15658749255751564,,LearningParams_Fit_alpha_neg-exp_neg_Fix_alpha_pos-beta-exp_pos_
18,11,127.23191151021841,200056.0,0.6497367628319183,0.05,1.0,0.356241754450666,0.5,0.3973663998017231,,,-0.15658810336923054,,LearningParams_Fit_alpha_neg-exp_neg_Fix_alpha_pos-beta-exp_pos_
19,26,127.23191151021842,200056.0,0.8410417055308774,0.05,1.0,0.0962297263668782,0.5,0.39736624700303996,,,-0.15658807328377689,,LearningParams_Fit_alpha_neg-exp_neg_Fix_alpha_pos-beta-exp_pos_
20,33,127.2319115102186,200056.0,0.5866892023827093,0.05,1.0,0.014217983259866897,0.5,0.3973659612919524,,,-0.15658757224525405,,LearningParams_Fit_alpha_neg-exp_neg_Fix_alpha_pos-beta-exp_pos_
21,42,127.23191151022093,200056.0,0.3320447168150757,0.05,1.0,0.3147260773791978,0.5,0.3973661203357769,,,-0.15658802831893864,,LearningParams_Fit_alpha_neg-exp_neg_Fix_alpha_pos-beta-exp_pos_
22,16,127.2319115102213,200056.0,0.19946229836997587,0.05,1.0,0.8818022850971095,0.5,0.3973663127625629,,,-0.15658782442861946,,LearningParams_Fit_alpha_neg-exp_neg_Fix_alpha_pos-beta-exp_pos_
23,8,127.23191151022158,200056.0,0.4023892966910054,0.05,1.0,0.6507153058948374,0.5,0.3973664902003611,,,-0.15658812261079882,,LearningParams_Fit_alpha_neg-exp_neg_Fix_alpha_pos-beta-exp_pos_
24,31,127.23191151022236,200056.0,0.4829862041040821,0.05,1.0,0.4070183853931109,0.5,0.3973657792500781,,,-0.15658745184614636,,LearningParams_Fit_alpha_neg-exp_neg_Fix_alpha_pos-beta-exp_pos_
25,34,127.23191151022243,200056.0,0.14016353379335955,0.05,1.0,0.08184296961273707,0.5,0.3973663549680577,,,-0.15658815041356394,,LearningParams_Fit_alpha_neg-exp_neg_Fix_alpha_pos-beta-exp_pos_
26,14,127.23191151022405,200056.0,0.8112374676376191,0.05,1.0,0.4972590570224015,0.5,0.3973664768664622,,,-0.15658798858799378,,LearningParams_Fit_alpha_neg-exp_neg_Fix_alpha_pos-beta-exp_pos_
27,19,127.23191151022459,200056.0,0.5132848552582957,0.05,1.0,0.5757613587891977,0.5,0.39736561158178335,,,-0.1565873933543428,,LearningParams_Fit_alpha_neg-exp_neg_Fix_alpha_pos-beta-exp_pos_
28,17,127.2319115102247,200056.0,0.12125281024075653,0.05,1.0,0.2573751652394781,0.5,0.3973664479734613,,,-0.15658794192065645,,LearningParams_Fit_alpha_neg-exp_neg_Fix_alpha_pos-beta-exp_pos_
29,32,127.23191151022776,200056.0,0.024643558285735945,0.05,1.0,0.09663915263996904,0.5,0.3973659375824177,,,-0.15658794791740774,,LearningParams_Fit_alpha_neg-exp_neg_Fix_alpha_pos-beta-exp_pos_
30,49,127.23191151022905,200056.0,0.014906681261589337,0.05,1.0,0.1843842768324961,0.5,0.3973663138827029,,,-0.15658818595180402,,LearningParams_Fit_alpha_neg-exp_neg_Fix_alpha_pos-beta-exp_pos_
31,43,127.2319115102291,200056.0,0.6020618626623327,0.05,1.0,0.02532219927144164,0.5,0.3973658333762013,,,-0.15658742832664307,,LearningParams_Fit_alpha_neg-exp_neg_Fix_alpha_pos-beta-exp_pos_
32,25,127.23191151023093,200056.0,0.11582359679578726,0.05,1.0,0.7182087398595997,0.5,0.3973655968702032,,,-0.15658732692986094,,LearningParams_Fit_alpha_neg-exp_neg_Fix_alpha_pos-beta-exp_pos_
33,9,127.23191151025101,200056.0,0.3924624332217227,0.05,1.0,0.2078639204513688,0.5,0.3973665868928471,,,-0.1565884150574038,,LearningParams_Fit_alpha_neg-exp_neg_Fix_alpha_pos-beta-exp_pos_
34,48,131.1438514027798,200056.0,0.5951429450469438,0.05,1.0,0.6992913791718545,0.5,0.6735365398365856,,,-0.2797064067012605,,LearningParams_Fit_alpha_neg-exp_neg_Fix_alpha_pos-beta-exp_pos_
35,20,131.14385140279006,200056.0,0.6085463426640056,0.05,1.0,0.4172074149812432,0.5,0.6735365561875466,,,-0.27970642019638325,,LearningParams_Fit_alpha_neg-exp_neg_Fix_alpha_pos-beta-exp_pos_
36,18,131.14385140283835,200056.0,0.5981504941857504,0.05,1.0,0.8868387605108327,0.5,0.6735364005281751,,,-0.2797062172811481,,LearningParams_Fit_alpha_neg-exp_neg_Fix_alpha_pos-beta-exp_pos_
37,6,132.4281657629141,200056.0,0.7183678487864409,0.05,1.0,0.5840160862518985,0.5,0.7603300983979109,,,-0.3106821057630487,,LearningParams_Fit_alpha_neg-exp_neg_Fix_alpha_pos-beta-exp_pos_
38,10,133.77866337282265,200056.0,0.7551448843514712,0.05,1.0,0.5175377599328159,0.5,0.8721022507709169,,,-0.34822376343431993,,LearningParams_Fit_alpha_neg-exp_neg_Fix_alpha_pos-beta-exp_pos_
39,13,133.77866337285448,200056.0,0.7274585311568438,0.05,1.0,0.6567365975031489,0.5,0.8721024126992312,,,-0.34822393624022346,,LearningParams_Fit_alpha_neg-exp_neg_Fix_alpha_pos-beta-exp_pos_
40,0,135.27653805198258,200056.0,0.9764612649322424,0.05,1.0,0.6005760123726983,0.5,1.020871078190644,,,-0.3947170902023963,,LearningParams_Fit_alpha_neg-exp_neg_Fix_alpha_pos-beta-exp_pos_
41,4,135.27653805201084,200056.0,0.8274863662121973,0.05,1.0,0.6984016937920163,0.5,1.02087199360782,,,-0.3947178945936959,,LearningParams_Fit_alpha_neg-exp_neg_Fix_alpha_pos-beta-exp_pos_
42,23,135.27653805201192,200056.0,0.9030122359408432,0.05,1.0,0.7990655787454892,0.5,1.0208716563084548,,,-0.3947175963348014,,LearningParams_Fit_alpha_neg-exp_neg_Fix_alpha_pos-beta-exp_pos_
43,21,135.2765507160025,200056.0,0.8405183016734755,0.05,1.0,0.4889928238990864,0.5,1.0211383260013875,,,-0.39495216690264745,,LearningParams_Fit_alpha_neg-exp_neg_Fix_alpha_pos-beta-exp_pos_
44,27,137.04925030435476,200056.0,0.9209483108629976,0.05,1.0,0.3474314435828547,0.5,1.226997981994948,,,-0.4535489831382069,,LearningParams_Fit_alpha_neg-exp_neg_Fix_alpha_pos-beta-exp_pos_
45,3,137.04925030436456,200056.0,0.9882560377529972,0.05,1.0,0.5145176273412586,0.5,1.2269984898593362,,,-0.4535493496477275,,LearningParams_Fit_alpha_neg-exp_neg_Fix_alpha_pos-beta-exp_pos_
46,22,137.0492503043677,200056.0,0.9827545397560242,0.05,1.0,0.459519561799719,0.5,1.22699807334779,,,-0.4535490494430603,,LearningParams_Fit_alpha_neg-exp_neg_Fix_alpha_pos-beta-exp_pos_
47,5,137.04925030437022,200056.0,0.9325021391594016,0.05,1.0,0.4114743289762135,0.5,1.2269984751534275,,,-0.45354933921941293,,LearningParams_Fit_alpha_neg-exp_neg_Fix_alpha_pos-beta-exp_pos_
48,37,137.04925030437806,200056.0,0.9380936696271618,0.05,1.0,0.8264950918382317,0.5,1.2269975915010192,,,-0.4535487007364802,,LearningParams_Fit_alpha_neg-exp_neg_Fix_alpha_pos-beta-exp_pos_
49,46,137.04925030438892,200056.0,0.9169904993021016,0.05,1.0,0.2697733859134185,0.5,1.2269983549860242,,,-0.4535492502594096,,LearningParams_Fit_alpha_neg-exp_neg_Fix_alpha_pos-beta-exp_pos_
0,39,71.7585494291813,408394.0,0.2588317221955898,0.05,1.0,0.029263468696767214,0.5,0.007650353551451306,,,0.8430892093570079,,LearningParams_Fit_alpha_neg-exp_neg_Fix_alpha_pos-beta-exp_pos_
1,1,71.75854942918247,408394.0,0.7080655668540948,0.05,1.0,0.029300190303733983,0.5,0.007650360057075653,,,0.8430889734934528,,LearningParams_Fit_alpha_neg-exp_neg_Fix_alpha_pos-beta-exp_pos_
2,31,71.7585494291829,408394.0,0.27630162317928675,0.05,1.0,0.271920077953823,0.5,0.00765036174080935,,,0.8430889324762592,,LearningParams_Fit_alpha_neg-exp_neg_Fix_alpha_pos-beta-exp_pos_
3,6,71.75854942918328,408394.0,0.2809926694352822,0.05,1.0,0.09334634663625953,0.5,0.007650355958865773,,,0.8430890530288714,,LearningParams_Fit_alpha_neg-exp_neg_Fix_alpha_pos-beta-exp_pos_
4,18,71.75854942918404,408394.0,0.531357284759894,0.05,1.0,0.0033255933317651865,0.5,0.007650347863090003,,,0.8430893486940336,,LearningParams_Fit_alpha_neg-exp_neg_Fix_alpha_pos-beta-exp_pos_
5,33,71.75854942918441,408394.0,0.21626333619185045,0.05,1.0,0.1863640329631369,0.5,0.007650353343428586,,,0.8430892562030035,,LearningParams_Fit_alpha_neg-exp_neg_Fix_alpha_pos-beta-exp_pos_
6,11,71.75854942918549,408394.0,0.010230159035020336,0.05,1.0,0.6464949232166848,0.5,0.007650365973606799,,,0.8430888244451036,,LearningParams_Fit_alpha_neg-exp_neg_Fix_alpha_pos-beta-exp_pos_
7,43,71.75854942918606,408394.0,0.05703405143128915,0.05,1.0,0.31439197743184644,0.5,0.007650342301420547,,,0.8430894487648173,,LearningParams_Fit_alpha_neg-exp_neg_Fix_alpha_pos-beta-exp_pos_
8,44,71.75854942918635,408394.0,0.7793440554824705,0.05,1.0,0.2685877458984932,0.5,0.007650345029165502,,,0.8430894229772301,,LearningParams_Fit_alpha_neg-exp_neg_Fix_alpha_pos-beta-exp_pos_
9,47,71.75854942918731,408394.0,0.8059349097169488,0.05,1.0,0.28201867330274466,0.5,0.007650376808735301,,,0.8430886879559947,,LearningParams_Fit_alpha_neg-exp_neg_Fix_alpha_pos-beta-exp_pos_
10,42,71.75854942918777,408394.0,0.7085505651343056,0.05,1.0,0.1311291353411953,0.5,0.007650340177570988,,,0.84308942694775,,LearningParams_Fit_alpha_neg-exp_neg_Fix_alpha_pos-beta-exp_pos_
11,26,71.75854942919068,408394.0,0.7251025156297731,0.05,1.0,0.14486722223602574,0.5,0.0076503602440921,,,0.8430891595375435,,LearningParams_Fit_alpha_neg-exp_neg_Fix_alpha_pos-beta-exp_pos_
12,0,71.7585494291915,408394.0,0.2014242806058352,0.05,1.0,0.06548115400544507,0.5,0.0076503789671864015,,,0.8430885608623433,,LearningParams_Fit_alpha_neg-exp_neg_Fix_alpha_pos-beta-exp_pos_
13,48,71.75854942919204,408394.0,0.08496701918192529,0.05,1.0,0.04196642683549745,0.5,0.007650353505872728,,,0.8430893105807189,,LearningParams_Fit_alpha_neg-exp_neg_Fix_alpha_pos-beta-exp_pos_
14,34,71.75854942919277,408394.0,0.6892377456355571,0.05,1.0,0.03455414127700518,0.5,0.007650383127076394,,,0.8430885355587919,,LearningParams_Fit_alpha_neg-exp_neg_Fix_alpha_pos-beta-exp_pos_
15,24,71.7585494291938,408394.0,0.5402756388243061,0.05,1.0,0.07818195959013298,0.5,0.007650345526500022,,,0.8430892187000623,,LearningParams_Fit_alpha_neg-exp_neg_Fix_alpha_pos-beta-exp_pos_
16,37,71.75854942919405,408394.0,0.4962050601401797,0.05,1.0,0.14099046384308803,0.5,0.007650377304277416,,,0.8430887632839758,,LearningParams_Fit_alpha_neg-exp_neg_Fix_alpha_pos-beta-exp_pos_
17,45,71.75854942920674,408394.0,0.01549757407987751,0.05,1.0,0.5362123919129924,0.5,0.00765032778579884,,,0.8430896213113988,,LearningParams_Fit_alpha_neg-exp_neg_Fix_alpha_pos-beta-exp_pos_
18,40,71.75854942921406,408394.0,0.3479962038543172,0.05,1.0,0.23082422880844056,0.5,0.007650320671128532,,,0.8430899706373187,,LearningParams_Fit_alpha_neg-exp_neg_Fix_alpha_pos-beta-exp_pos_
19,30,91.44214419450735,408394.0,0.3080316842627271,0.05,1.0,0.4888129345382219,0.5,2.4254073397009224,,,-21.493233617868672,,LearningParams_Fit_alpha_neg-exp_neg_Fix_alpha_pos-beta-exp_pos_
20,38,91.44214419450735,408394.0,0.6966853404650167,0.05,1.0,0.9191894628015588,0.5,3.775112661886451,,,-23.76454843266345,,LearningParams_Fit_alpha_neg-exp_neg_Fix_alpha_pos-beta-exp_pos_
21,35,91.44214419450735,408394.0,0.5018646073547092,0.05,1.0,0.5966284146718239,0.5,2.401745613614969,,,-22.34163660768949,,LearningParams_Fit_alpha_neg-exp_neg_Fix_alpha_pos-beta-exp_pos_
22,36,91.44214419450735,408394.0,0.9092738196244832,0.05,1.0,0.9542670416415244,0.5,6.252145472632848,,,-22.94937683035245,,LearningParams_Fit_alpha_neg-exp_neg_Fix_alpha_pos-beta-exp_pos_
23,41,91.44214419450735,408394.0,0.2819334728564468,0.05,1.0,0.4657085117123438,0.5,2.804615130622431,,,-25.66165323934792,,LearningParams_Fit_alpha_neg-exp_neg_Fix_alpha_pos-beta-exp_pos_
24,46,91.44214419450735,408394.0,0.5896447509034096,0.05,1.0,0.8100374349157408,0.5,3.613229596020649,,,-26.02569591061661,,LearningParams_Fit_alpha_neg-exp_neg_Fix_alpha_pos-beta-exp_pos_
25,32,91.44214419450735,408394.0,0.936166024932835,0.05,1.0,0.3117802271088451,0.5,14.292153693654775,,,-24.839460664999734,,LearningParams_Fit_alpha_neg-exp_neg_Fix_alpha_pos-beta-exp_pos_
26,29,91.44214419450735,408394.0,0.17446790240665488,0.05,1.0,0.5987342086942924,0.5,1.3737409255549389,,,-26.326501025659518,,LearningParams_Fit_alpha_neg-exp_neg_Fix_alpha_pos-beta-exp_pos_
27,25,91.44214419450735,408394.0,0.7094872534947889,0.05,1.0,0.7706169072231756,0.5,4.347601396262828,,,-24.759153622395786,,LearningParams_Fit_alpha_neg-exp_neg_Fix_alpha_pos-beta-exp_pos_
28,27,91.44214419450735,408394.0,0.07929301004772649,0.05,1.0,0.655729424915809,0.5,0.18284627404852175,,,-22.94412626438818,,LearningParams_Fit_alpha_neg-exp_neg_Fix_alpha_pos-beta-exp_pos_
29,2,91.44214419450735,408394.0,0.609935306204526,0.05,1.0,0.7892826935373967,0.5,3.7375662153517073,,,-25.35886674379845,,LearningParams_Fit_alpha_neg-exp_neg_Fix_alpha_pos-beta-exp_pos_
30,3,91.44214419450735,408394.0,0.5530521069506638,0.05,1.0,0.6870713304147658,0.5,3.3889969136738505,,,-22.07491745876841,,LearningParams_Fit_alpha_neg-exp_neg_Fix_alpha_pos-beta-exp_pos_
31,4,91.44214419450735,408394.0,0.572092426652237,0.05,1.0,0.49885412681049196,0.5,6.435131938320726,,,-24.223119005845213,,LearningParams_Fit_alpha_neg-exp_neg_Fix_alpha_pos-beta-exp_pos_
32,5,91.44214419450735,408394.0,0.5449117168694466,0.05,1.0,0.7878178077630176,0.5,3.6281062890917872,,,-21.843018073557626,,LearningParams_Fit_alpha_neg-exp_neg_Fix_alpha_pos-beta-exp_pos_
33,7,91.44214419450735,408394.0,0.5418934485788335,0.05,1.0,0.3572934279282298,0.5,7.1797078363295075,,,-26.90160439672393,,LearningParams_Fit_alpha_neg-exp_neg_Fix_alpha_pos-beta-exp_pos_
34,8,91.44214419450735,408394.0,0.35011155253204485,0.05,1.0,0.518848550413247,0.5,2.756739558327584,,,-22.813907567440573,,LearningParams_Fit_alpha_neg-exp_neg_Fix_alpha_pos-beta-exp_pos_
35,9,91.44214419450735,408394.0,0.4063038290818167,0.05,1.0,0.6311037400332774,0.5,3.1991913155372966,,,-27.749797853569657,,LearningParams_Fit_alpha_neg-exp_neg_Fix_alpha_pos-beta-exp_pos_
36,10,91.44214419450735,408394.0,0.3321235394168344,0.05,1.0,0.6422155257654588,0.5,2.6151039368468867,,,-28.23838600207907,,LearningParams_Fit_alpha_neg-exp_neg_Fix_alpha_pos-beta-exp_pos_
37,28,91.44214419450735,408394.0,0.9985262328119372,0.05,1.0,0.9904061310387494,0.5,6.6483417275392425,,,-27.45997717653668,,LearningParams_Fit_alpha_neg-exp_neg_Fix_alpha_pos-beta-exp_pos_
38,12,91.44214419450735,408394.0,0.14226416687387933,0.05,1.0,0.6603697777452556,0.5,0.8717674454226054,,,-21.217023168746763,,LearningParams_Fit_alpha_neg-exp_neg_Fix_alpha_pos-beta-exp_pos_
39,14,91.44214419450735,408394.0,0.124892097657484,0.05,1.0,0.5796316965527712,0.5,0.9833865339344428,,,-25.486558530001627,,LearningParams_Fit_alpha_neg-exp_neg_Fix_alpha_pos-beta-exp_pos_
40,15,91.44214419450735,408394.0,0.3058935274881284,0.05,1.0,0.6747153813935356,0.5,1.8744566877900928,,,-21.677933124399797,,LearningParams_Fit_alpha_neg-exp_neg_Fix_alpha_pos-beta-exp_pos_
41,16,91.44214419450735,408394.0,0.25129895188023954,0.05,1.0,0.9717775197970366,0.5,1.3617077898160803,,,-25.124149992541746,,LearningParams_Fit_alpha_neg-exp_neg_Fix_alpha_pos-beta-exp_pos_
42,17,91.44214419450735,408394.0,0.6149881919770223,0.05,1.0,0.9352372649950192,0.5,3.3324222221950177,,,-24.179445238923467,,LearningParams_Fit_alpha_neg-exp_neg_Fix_alpha_pos-beta-exp_pos_
43,20,91.44214419450735,408394.0,0.8313879951219926,0.05,1.0,0.7676772556817982,0.5,7.045079570968963,,,-27.182222140587648,,LearningParams_Fit_alpha_neg-exp_neg_Fix_alpha_pos-beta-exp_pos_
44,21,91.44214419450735,408394.0,0.9349458235605578,0.05,1.0,0.7964065339792075,0.5,5.859184042860937,,,-26.19998616417753,,LearningParams_Fit_alpha_neg-exp_neg_Fix_alpha_pos-beta-exp_pos_
45,22,91.44214419450735,408394.0,0.6270978212137155,0.05,1.0,0.3608033887833946,0.5,6.572700143572044,,,-28.04099458112679,,LearningParams_Fit_alpha_neg-exp_neg_Fix_alpha_pos-beta-exp_pos_
46,23,91.44214419450735,408394.0,0.9746748032527144,0.05,1.0,0.4595520543297624,0.5,9.695860775037968,,,-25.322417707762423,,LearningParams_Fit_alpha_neg-exp_neg_Fix_alpha_pos-beta-exp_pos_
47,13,91.44214419450735,408394.0,0.4694883067480712,0.05,1.0,0.7722179243771832,0.5,2.8769340222712727,,,-24.810592708790768,,LearningParams_Fit_alpha_neg-exp_neg_Fix_alpha_pos-beta-exp_pos_
48,49,91.44214419450735,408394.0,0.7977837816753223,0.05,1.0,0.5206277492560203,0.5,6.2816610706817855,,,-22.892139409682105,,LearningParams_Fit_alpha_neg-exp_neg_Fix_alpha_pos-beta-exp_pos_
49,19,,408394.0,0.6616470146195489,0.05,1.0,0.3631738480061881,0.5,inf,,,inf,,LearningParams_Fit_alpha_neg-exp_neg_Fix_alpha_pos-beta-exp_pos_
0,20,118.26713821234985,100109.0,0.330222880419641,0.05,1.0,0.479282650289519,0.5,0.30171853051080444,,,-0.007302889595366472,,LearningParams_Fit_alpha_neg-exp_neg_Fix_alpha_pos-beta-exp_pos_
1,11,118.26713821235107,100109.0,0.7166845232675454,0.05,1.0,0.6325135462898183,0.5,0.3017183184436507,,,-0.007302578721575762,,LearningParams_Fit_alpha_neg-exp_neg_Fix_alpha_pos-beta-exp_pos_
2,0,118.26713821235217,100109.0,0.370266624058322,0.05,1.0,0.7402152000641347,0.5,0.3017182986798937,,,-0.007302746245153727,,LearningParams_Fit_alpha_neg-exp_neg_Fix_alpha_pos-beta-exp_pos_
3,5,118.26713821235302,100109.0,0.003205413259760204,0.05,1.0,0.5521378804660001,0.5,0.3017182375913372,,,-0.007302508885361506,,LearningParams_Fit_alpha_neg-exp_neg_Fix_alpha_pos-beta-exp_pos_
4,14,118.26713821235451,100109.0,0.4723344030870873,0.05,1.0,0.2344208368504418,0.5,0.30171845859816904,,,-0.007302916455370624,,LearningParams_Fit_alpha_neg-exp_neg_Fix_alpha_pos-beta-exp_pos_
5,48,118.26713821235651,100109.0,0.6545551548705429,0.05,1.0,0.6320531697500956,0.5,0.3017181138755993,,,-0.00730244766069404,,LearningParams_Fit_alpha_neg-exp_neg_Fix_alpha_pos-beta-exp_pos_
6,27,118.2671382123573,100109.0,0.3538878778039213,0.05,1.0,0.8054715351754382,0.5,0.3017186561568535,,,-0.007303025855162284,,LearningParams_Fit_alpha_neg-exp_neg_Fix_alpha_pos-beta-exp_pos_
7,4,118.26713821235857,100109.0,0.21044017306981974,0.05,1.0,0.3929637347703623,0.5,0.30171849396076184,,,-0.00730267681323335,,LearningParams_Fit_alpha_neg-exp_neg_Fix_alpha_pos-beta-exp_pos_
8,37,118.26713821236014,100109.0,0.26139111236244383,0.05,1.0,0.7325766568093183,0.5,0.3017181769727768,,,-0.0073024098403044295,,LearningParams_Fit_alpha_neg-exp_neg_Fix_alpha_pos-beta-exp_pos_
9,3,118.26713821236122,100109.0,0.4849465532785166,0.05,1.0,0.8721799776471386,0.5,0.3017184061862675,,,-0.007302922864310899,,LearningParams_Fit_alpha_neg-exp_neg_Fix_alpha_pos-beta-exp_pos_
10,33,118.26713821236281,100109.0,0.2596340335956093,0.05,1.0,0.6614337984588107,0.5,0.3017182196261449,,,-0.007302413802143644,,LearningParams_Fit_alpha_neg-exp_neg_Fix_alpha_pos-beta-exp_pos_
11,22,118.26713821236487,100109.0,0.2010501754160704,0.05,1.0,0.422857210611068,0.5,0.3017181568652305,,,-0.007302363074418118,,LearningParams_Fit_alpha_neg-exp_neg_Fix_alpha_pos-beta-exp_pos_
12,35,118.26713821236515,100109.0,0.3926232172482709,0.05,1.0,0.14428595623379425,0.5,0.3017180101849407,,,-0.007302434554628769,,LearningParams_Fit_alpha_neg-exp_neg_Fix_alpha_pos-beta-exp_pos_
13,21,118.26713821236687,100109.0,0.4529656206865843,0.05,1.0,0.939178533167906,0.5,0.3017187872557494,,,-0.007303084966427206,,LearningParams_Fit_alpha_neg-exp_neg_Fix_alpha_pos-beta-exp_pos_
14,18,118.26713821236704,100109.0,0.5122059794631246,0.05,1.0,0.7165453826151231,0.5,0.3017184566411653,,,-0.007302999266835032,,LearningParams_Fit_alpha_neg-exp_neg_Fix_alpha_pos-beta-exp_pos_
15,9,118.26713821236766,100109.0,0.7655974434076356,0.05,1.0,0.7446883529328202,0.5,0.3017187945912961,,,-0.007303090976779477,,LearningParams_Fit_alpha_neg-exp_neg_Fix_alpha_pos-beta-exp_pos_
16,42,118.26713821236777,100109.0,0.6726141248023921,0.05,1.0,0.10268608542177447,0.5,0.3017187854737138,,,-0.007303042115235194,,LearningParams_Fit_alpha_neg-exp_neg_Fix_alpha_pos-beta-exp_pos_
17,43,118.26713821236844,100109.0,0.07534765652268349,0.05,1.0,0.6266575448407944,0.5,0.30171847041934785,,,-0.007303017523706848,,LearningParams_Fit_alpha_neg-exp_neg_Fix_alpha_pos-beta-exp_pos_
18,40,118.26713821236851,100109.0,0.002387182349046002,0.05,1.0,0.5173824639190486,0.5,0.30171879767953524,,,-0.007303062584201558,,LearningParams_Fit_alpha_neg-exp_neg_Fix_alpha_pos-beta-exp_pos_
19,31,118.26713821236878,100109.0,0.2929442411069396,0.05,1.0,0.09794780755472388,0.5,0.30171844522049296,,,-0.007302565374121476,,LearningParams_Fit_alpha_neg-exp_neg_Fix_alpha_pos-beta-exp_pos_
20,26,118.26713821236923,100109.0,0.9806049200805752,0.05,1.0,0.4405664927571378,0.5,0.30171851612476336,,,-0.0073030564580002484,,LearningParams_Fit_alpha_neg-exp_neg_Fix_alpha_pos-beta-exp_pos_
21,41,118.26713821236984,100109.0,0.017926065740102026,0.05,1.0,0.5902394935606539,0.5,0.3017181122127466,,,-0.007302655144816149,,LearningParams_Fit_alpha_neg-exp_neg_Fix_alpha_pos-beta-exp_pos_
22,16,118.26713821237124,100109.0,0.5714788696181268,0.05,1.0,0.19552477032567986,0.5,0.30171818581786114,,,-0.007302753471315726,,LearningParams_Fit_alpha_neg-exp_neg_Fix_alpha_pos-beta-exp_pos_
23,15,118.26713821237286,100109.0,0.3556278179952578,0.05,1.0,0.7797470972157946,0.5,0.30171871870267,,,-0.00730286478659677,,LearningParams_Fit_alpha_neg-exp_neg_Fix_alpha_pos-beta-exp_pos_
24,19,118.26713821237342,100109.0,0.5618801639269516,0.05,1.0,0.1951139611870416,0.5,0.3017186506662406,,,-0.0073027695775189855,,LearningParams_Fit_alpha_neg-exp_neg_Fix_alpha_pos-beta-exp_pos_
25,6,118.26713821237705,100109.0,0.3328955550864784,0.05,1.0,0.936917671512227,0.5,0.30171868401559715,,,-0.007303201679719662,,LearningParams_Fit_alpha_neg-exp_neg_Fix_alpha_pos-beta-exp_pos_
26,29,118.26713821238029,100109.0,0.24801447980884686,0.05,1.0,0.429177398680053,0.5,0.30171816404685825,,,-0.007302283777818087,,LearningParams_Fit_alpha_neg-exp_neg_Fix_alpha_pos-beta-exp_pos_
27,32,118.26713821238123,100109.0,0.22700566116184706,0.05,1.0,0.5389347829259411,0.5,0.3017179029436323,,,-0.00730240271161963,,LearningParams_Fit_alpha_neg-exp_neg_Fix_alpha_pos-beta-exp_pos_
28,17,118.26713821238415,100109.0,0.7891482740377849,0.05,1.0,0.8032156125945168,0.5,0.30171826552560355,,,-0.0073023412951665045,,LearningParams_Fit_alpha_neg-exp_neg_Fix_alpha_pos-beta-exp_pos_
29,24,118.26713821238495,100109.0,0.29948763367385656,0.05,1.0,0.3601624913035807,0.5,0.3017185230939809,,,-0.00730257256937635,,LearningParams_Fit_alpha_neg-exp_neg_Fix_alpha_pos-beta-exp_pos_
30,46,118.26713821238589,100109.0,0.28057646321677504,0.05,1.0,0.8667532571288181,0.5,0.3017183020062921,,,-0.007302941795430801,,LearningParams_Fit_alpha_neg-exp_neg_Fix_alpha_pos-beta-exp_pos_
31,44,118.26713821238594,100109.0,0.9965245222971216,0.05,1.0,0.20803471206699287,0.5,0.30171858169328536,,,-0.00730263092079032,,LearningParams_Fit_alpha_neg-exp_neg_Fix_alpha_pos-beta-exp_pos_
32,47,118.26713821238926,100109.0,0.23753428192245166,0.05,1.0,0.5016256605610779,0.5,0.3017181491585048,,,-0.007302236494520298,,LearningParams_Fit_alpha_neg-exp_neg_Fix_alpha_pos-beta-exp_pos_
33,34,118.26713821239498,100109.0,0.27269830042556303,0.05,1.0,0.9176457829424984,0.5,0.3017184153460597,,,-0.0073030788525905235,,LearningParams_Fit_alpha_neg-exp_neg_Fix_alpha_pos-beta-exp_pos_
34,25,118.26713821239824,100109.0,0.6977816443188039,0.05,1.0,0.1255468085700462,0.5,0.301718431210932,,,-0.00730243474754676,,LearningParams_Fit_alpha_neg-exp_neg_Fix_alpha_pos-beta-exp_pos_
35,2,127.3534342229098,100109.0,0.6143227662941105,0.05,1.0,0.44654847675924,0.5,0.6869511673875719,,,-0.21519502107549612,,LearningParams_Fit_alpha_neg-exp_neg_Fix_alpha_pos-beta-exp_pos_
36,23,127.35343422293705,100109.0,0.6048531692587695,0.05,1.0,0.7655135474196834,0.5,0.6869512281709774,,,-0.21519510327410316,,LearningParams_Fit_alpha_neg-exp_neg_Fix_alpha_pos-beta-exp_pos_
37,30,127.35343422294314,100109.0,0.658998775458853,0.05,1.0,0.7765055982587884,0.5,0.6869510200088407,,,-0.21519482144010046,,LearningParams_Fit_alpha_neg-exp_neg_Fix_alpha_pos-beta-exp_pos_
38,7,127.35343422301432,100109.0,0.6268060492537214,0.05,1.0,0.5927219321629492,0.5,0.686950820740678,,,-0.21519454578588865,,LearningParams_Fit_alpha_neg-exp_neg_Fix_alpha_pos-beta-exp_pos_
39,28,127.35787503661226,100109.0,0.6364874175289694,0.05,1.0,0.8614145747169859,0.5,0.6839333603290739,,,-0.21095986655697746,,LearningParams_Fit_alpha_neg-exp_neg_Fix_alpha_pos-beta-exp_pos_
40,36,129.34366853847914,100109.0,0.7209215470747052,0.05,1.0,0.9039881152177256,0.5,0.7880245271301165,,,-0.2542669094775296,,LearningParams_Fit_alpha_neg-exp_neg_Fix_alpha_pos-beta-exp_pos_
41,39,131.64614395226087,100109.0,0.9188311894321196,0.05,1.0,0.7739616046984914,0.5,0.921256647197872,,,-0.3010180661151446,,LearningParams_Fit_alpha_neg-exp_neg_Fix_alpha_pos-beta-exp_pos_
42,49,131.6461439522631,100109.0,0.7692436873776576,0.05,1.0,0.4288311959401975,0.5,0.9212570738224682,,,-0.30101849420458515,,LearningParams_Fit_alpha_neg-exp_neg_Fix_alpha_pos-beta-exp_pos_
43,12,131.64614395226826,100109.0,0.9224387664577308,0.05,1.0,0.5509400299727961,0.5,0.9212571170267664,,,-0.3010185376329489,,LearningParams_Fit_alpha_neg-exp_neg_Fix_alpha_pos-beta-exp_pos_
44,38,131.64614395228887,100109.0,0.8698954980596545,0.05,1.0,0.4275471604666789,0.5,0.9212570779477718,,,-0.30101850285474113,,LearningParams_Fit_alpha_neg-exp_neg_Fix_alpha_pos-beta-exp_pos_
45,10,131.64614395230237,100109.0,0.7866945291385179,0.05,1.0,0.8928033679340589,0.5,0.9212570994028504,,,-0.3010185184595254,,LearningParams_Fit_alpha_neg-exp_neg_Fix_alpha_pos-beta-exp_pos_
46,8,131.6461439523714,100109.0,0.914729705993364,0.05,1.0,0.6731206761068614,0.5,0.9212568249515524,,,-0.3010182501542862,,LearningParams_Fit_alpha_neg-exp_neg_Fix_alpha_pos-beta-exp_pos_
47,13,131.6461439524032,100109.0,0.8498080186892824,0.05,1.0,0.8121348259511797,0.5,0.9212567715547988,,,-0.30101819690150394,,LearningParams_Fit_alpha_neg-exp_neg_Fix_alpha_pos-beta-exp_pos_
48,1,134.41028279537662,100109.0,0.9970495118739998,0.05,1.0,0.343940981036302,0.5,1.1034622440322672,,,-0.35820836921103216,,LearningParams_Fit_alpha_neg-exp_neg_Fix_alpha_pos-beta-exp_pos_
49,45,134.41028279538938,100109.0,0.8144000489716025,0.05,1.0,0.27622359173200184,0.5,1.103462619589451,,,-0.35820868061071176,,LearningParams_Fit_alpha_neg-exp_neg_Fix_alpha_pos-beta-exp_pos_
0,34,137.30132508212174,100051.0,0.9538040915923648,0.05,1.0,0.010013815880494992,0.5,0.08929342893034413,,,0.12543579943575628,,LearningParams_Fit_alpha_neg-exp_neg_Fix_alpha_pos-beta-exp_pos_
1,17,137.301325082122,100051.0,0.037458177599084215,0.05,1.0,0.3403301804800284,0.5,0.08929344118134569,,,0.12543578485470006,,LearningParams_Fit_alpha_neg-exp_neg_Fix_alpha_pos-beta-exp_pos_
2,31,137.3013250821225,100051.0,0.7337903446696994,0.05,1.0,0.17824308896252095,0.5,0.08929349676668702,,,0.12543558245530656,,LearningParams_Fit_alpha_neg-exp_neg_Fix_alpha_pos-beta-exp_pos_
3,45,137.30132508212276,100051.0,0.4778123366656012,0.05,1.0,0.2522088877604184,0.5,0.08929339599989924,,,0.1254358712753143,,LearningParams_Fit_alpha_neg-exp_neg_Fix_alpha_pos-beta-exp_pos_
4,37,137.3013250821233,100051.0,0.3647156118600322,0.05,1.0,0.14169487373895218,0.5,0.08929340561994306,,,0.12543590339181998,,LearningParams_Fit_alpha_neg-exp_neg_Fix_alpha_pos-beta-exp_pos_
5,24,137.3013250821234,100051.0,0.9811752164984762,0.05,1.0,0.6056615978406293,0.5,0.08929341097290924,,,0.12543590326240373,,LearningParams_Fit_alpha_neg-exp_neg_Fix_alpha_pos-beta-exp_pos_
6,16,137.3013250821235,100051.0,0.4542158313006528,0.05,1.0,0.07208332322169864,0.5,0.08929338951524393,,,0.12543592297475528,,LearningParams_Fit_alpha_neg-exp_neg_Fix_alpha_pos-beta-exp_pos_
7,49,137.30132508212358,100051.0,0.5218491906144069,0.05,1.0,0.6915617028676474,0.5,0.08929338777294597,,,0.12543593253259988,,LearningParams_Fit_alpha_neg-exp_neg_Fix_alpha_pos-beta-exp_pos_
8,2,137.30132508212452,100051.0,0.199674368882221,0.05,1.0,0.7631833625704497,0.5,0.08929340043953808,,,0.12543595186539067,,LearningParams_Fit_alpha_neg-exp_neg_Fix_alpha_pos-beta-exp_pos_
9,14,137.30132508212458,100051.0,0.1413201507686569,0.05,1.0,0.8065229336269515,0.5,0.08929348777708081,,,0.1254357019902939,,LearningParams_Fit_alpha_neg-exp_neg_Fix_alpha_pos-beta-exp_pos_
10,18,137.30132508212466,100051.0,0.17594952401939434,0.05,1.0,0.5129802744723602,0.5,0.08929338355087492,,,0.12543597573650725,,LearningParams_Fit_alpha_neg-exp_neg_Fix_alpha_pos-beta-exp_pos_
11,27,137.30132508212478,100051.0,0.8461055118400819,0.05,1.0,0.7596280970347395,0.5,0.08929346478629921,,,0.12543578752659768,,LearningParams_Fit_alpha_neg-exp_neg_Fix_alpha_pos-beta-exp_pos_
12,8,137.30132508212483,100051.0,0.3319061339232938,0.05,1.0,0.6553689937956899,0.5,0.08929350899045482,,,0.12543542747243164,,LearningParams_Fit_alpha_neg-exp_neg_Fix_alpha_pos-beta-exp_pos_
13,13,137.3013250821249,100051.0,0.11975383826199393,0.05,1.0,0.2531204420077835,0.5,0.0892934032755422,,,0.1254357292373282,,LearningParams_Fit_alpha_neg-exp_neg_Fix_alpha_pos-beta-exp_pos_
14,9,137.30132508212526,100051.0,0.8090778320278315,0.05,1.0,0.045953498773776635,0.5,0.08929344089582453,,,0.1254358705927159,,LearningParams_Fit_alpha_neg-exp_neg_Fix_alpha_pos-beta-exp_pos_
15,47,137.30132508212566,100051.0,0.17949712814495622,0.05,1.0,0.15823745734798578,0.5,0.08929337593562202,,,0.1254358353956678,,LearningParams_Fit_alpha_neg-exp_neg_Fix_alpha_pos-beta-exp_pos_
16,48,137.30132508212688,100051.0,0.7331748410559341,0.05,1.0,0.29760170494534377,0.5,0.08929340868540075,,,0.1254359807563738,,LearningParams_Fit_alpha_neg-exp_neg_Fix_alpha_pos-beta-exp_pos_
17,36,137.30132508212702,100051.0,0.8903793167088546,0.05,1.0,0.8734383410125662,0.5,0.08929345375211126,,,0.1254358611328777,,LearningParams_Fit_alpha_neg-exp_neg_Fix_alpha_pos-beta-exp_pos_
18,30,137.3013250821273,100051.0,0.7064496227681535,0.05,1.0,0.2861377523768208,0.5,0.08929350148737737,,,0.12543539112243396,,LearningParams_Fit_alpha_neg-exp_neg_Fix_alpha_pos-beta-exp_pos_
19,29,137.30132508212736,100051.0,0.05063375371568557,0.05,1.0,0.8656310195066861,0.5,0.08929334811146698,,,0.12543594649192766,,LearningParams_Fit_alpha_neg-exp_neg_Fix_alpha_pos-beta-exp_pos_
20,20,137.30132508212782,100051.0,0.6684939042852153,0.05,1.0,0.6002107802658314,0.5,0.0892934279887828,,,0.12543594720800416,,LearningParams_Fit_alpha_neg-exp_neg_Fix_alpha_pos-beta-exp_pos_
21,3,137.3013250821282,100051.0,0.3898948569222496,0.05,1.0,0.6233150442570587,0.5,0.08929333722546301,,,0.1254360727919009,,LearningParams_Fit_alpha_neg-exp_neg_Fix_alpha_pos-beta-exp_pos_
22,40,137.30132508212836,100051.0,0.4345925054675683,0.05,1.0,0.7285977567957396,0.5,0.08929345382786891,,,0.1254358801173674,,LearningParams_Fit_alpha_neg-exp_neg_Fix_alpha_pos-beta-exp_pos_
23,6,137.3013250821291,100051.0,0.6548922551975342,0.05,1.0,0.9570060462204958,0.5,0.08929334247507491,,,0.12543611956931766,,LearningParams_Fit_alpha_neg-exp_neg_Fix_alpha_pos-beta-exp_pos_
24,4,137.3013250821293,100051.0,0.0904165707837783,0.05,1.0,0.6368172411607709,0.5,0.08929346869002727,,,0.1254354434983355,,LearningParams_Fit_alpha_neg-exp_neg_Fix_alpha_pos-beta-exp_pos_
25,11,137.3013250821294,100051.0,0.8469360400541425,0.05,1.0,0.1969252353071802,0.5,0.08929356415574648,,,0.12543543983657154,,LearningParams_Fit_alpha_neg-exp_neg_Fix_alpha_pos-beta-exp_pos_
26,35,137.30132508212947,100051.0,0.5539788668272118,0.05,1.0,0.6622888624045592,0.5,0.08929348926312525,,,0.12543538669052626,,LearningParams_Fit_alpha_neg-exp_neg_Fix_alpha_pos-beta-exp_pos_
27,32,137.30132508212952,100051.0,0.2554568429734555,0.05,1.0,0.3459146501938647,0.5,0.08929350412452003,,,0.12543534979748222,,LearningParams_Fit_alpha_neg-exp_neg_Fix_alpha_pos-beta-exp_pos_
28,28,137.30132508212992,100051.0,0.5708336254627934,0.05,1.0,0.8562426380730879,0.5,0.08929346422292997,,,0.12543544728241568,,LearningParams_Fit_alpha_neg-exp_neg_Fix_alpha_pos-beta-exp_pos_
29,0,137.30132508212992,100051.0,0.4498085948100133,0.05,1.0,0.3107923548935587,0.5,0.08929357634477754,,,0.1254353613352831,,LearningParams_Fit_alpha_neg-exp_neg_Fix_alpha_pos-beta-exp_pos_
30,23,137.30132508213057,100051.0,0.5285021083630462,0.05,1.0,0.6745497033655763,0.5,0.0892935444568834,,,0.12543557286974533,,LearningParams_Fit_alpha_neg-exp_neg_Fix_alpha_pos-beta-exp_pos_
31,25,137.3013250821329,100051.0,0.11840485206166773,0.05,1.0,0.5888099593727283,0.5,0.08929330738684224,,,0.12543606020658155,,LearningParams_Fit_alpha_neg-exp_neg_Fix_alpha_pos-beta-exp_pos_
32,1,137.30132508213384,100051.0,0.8188793057897338,0.05,1.0,0.7916247982538651,0.5,0.08929346764535692,,,0.1254359000072134,,LearningParams_Fit_alpha_neg-exp_neg_Fix_alpha_pos-beta-exp_pos_
33,15,137.30132508213387,100051.0,0.31886101283208623,0.05,1.0,0.002535684483409684,0.5,0.08929342678163478,,,0.12543551893989835,,LearningParams_Fit_alpha_neg-exp_neg_Fix_alpha_pos-beta-exp_pos_
34,33,137.3013250821343,100051.0,0.6823237348653886,0.05,1.0,0.6519155523637868,0.5,0.08929355226309035,,,0.12543559106798022,,LearningParams_Fit_alpha_neg-exp_neg_Fix_alpha_pos-beta-exp_pos_
35,46,137.30132508213472,100051.0,0.23162237685692355,0.05,1.0,0.5117642776735198,0.5,0.08929361088310858,,,0.12543519239338832,,LearningParams_Fit_alpha_neg-exp_neg_Fix_alpha_pos-beta-exp_pos_
36,22,137.30132508213552,100051.0,0.5102766798257087,0.05,1.0,0.4470238020307405,0.5,0.08929343541748366,,,0.12543547468408478,,LearningParams_Fit_alpha_neg-exp_neg_Fix_alpha_pos-beta-exp_pos_
37,5,137.30132508213606,100051.0,0.3102039421650411,0.05,1.0,0.6691179099630823,0.5,0.08929360730018207,,,0.12543532912324412,,LearningParams_Fit_alpha_neg-exp_neg_Fix_alpha_pos-beta-exp_pos_
38,43,137.30132508213666,100051.0,0.4669204171076689,0.05,1.0,0.35871916177117724,0.5,0.08929352583562608,,,0.1254357247092262,,LearningParams_Fit_alpha_neg-exp_neg_Fix_alpha_pos-beta-exp_pos_
39,26,137.30132508213717,100051.0,0.9689474519561077,0.05,1.0,0.1161803099970984,0.5,0.08929328109161529,,,0.12543628508262072,,LearningParams_Fit_alpha_neg-exp_neg_Fix_alpha_pos-beta-exp_pos_
40,38,137.3013250821372,100051.0,0.154506586877583,0.05,1.0,0.18996714772434053,0.5,0.08929342039195433,,,0.12543607173967666,,LearningParams_Fit_alpha_neg-exp_neg_Fix_alpha_pos-beta-exp_pos_
41,10,137.30132508213828,100051.0,0.8514741357081138,0.05,1.0,0.9307261196565252,0.5,0.08929342851229245,,,0.12543547127352078,,LearningParams_Fit_alpha_neg-exp_neg_Fix_alpha_pos-beta-exp_pos_
42,21,137.30132508214368,100051.0,0.9131729538255252,0.05,1.0,0.6533952155876496,0.5,0.08929326370297146,,,0.12543641173674566,,LearningParams_Fit_alpha_neg-exp_neg_Fix_alpha_pos-beta-exp_pos_
43,42,137.3013250821459,100051.0,0.9537450617711036,0.05,1.0,0.9331823694745542,0.5,0.08929364396924425,,,0.1254352772981805,,LearningParams_Fit_alpha_neg-exp_neg_Fix_alpha_pos-beta-exp_pos_
44,12,137.3013250821487,100051.0,0.5844817557823879,0.05,1.0,0.440528333032776,0.5,0.08929326530432767,,,0.12543648112737416,,LearningParams_Fit_alpha_neg-exp_neg_Fix_alpha_pos-beta-exp_pos_
45,41,137.3013250821497,100051.0,0.3522528661171528,0.05,1.0,0.3634441508120488,0.5,0.08929359360173691,,,0.12543556963228025,,LearningParams_Fit_alpha_neg-exp_neg_Fix_alpha_pos-beta-exp_pos_
46,44,137.30132508215158,100051.0,0.9285561527203264,0.05,1.0,0.5710948718209086,0.5,0.08929338817483665,,,0.12543626851057765,,LearningParams_Fit_alpha_neg-exp_neg_Fix_alpha_pos-beta-exp_pos_
47,19,137.30132508215323,100051.0,0.4390318981469575,0.05,1.0,0.014307719260561402,0.5,0.08929344224783284,,,0.12543612930720074,,LearningParams_Fit_alpha_neg-exp_neg_Fix_alpha_pos-beta-exp_pos_
48,39,137.30132508215752,100051.0,0.8194720067245649,0.05,1.0,0.7540919488416651,0.5,0.08929319550860748,,,0.12543635426621644,,LearningParams_Fit_alpha_neg-exp_neg_Fix_alpha_pos-beta-exp_pos_
49,7,137.30132508219066,100051.0,0.8435078200238997,0.05,1.0,0.7320643059230325,0.5,0.0892932736058169,,,0.12543571071741938,,LearningParams_Fit_alpha_neg-exp_neg_Fix_alpha_pos-beta-exp_pos_
0,13,75.41048324966692,310949.0,0.9604809405957236,0.05,1.0,0.1690369634481258,0.5,0.003887039415592143,,,0.8914471045738879,,LearningParams_Fit_alpha_neg-exp_neg_Fix_alpha_pos-beta-exp_pos_
1,3,75.41048324966708,310949.0,0.09203859608186893,0.05,1.0,0.7087124727818971,0.5,0.0038870409259477955,,,0.8914470456844614,,LearningParams_Fit_alpha_neg-exp_neg_Fix_alpha_pos-beta-exp_pos_
2,0,75.41048324966731,310949.0,0.3166928096995242,0.05,1.0,0.02347511246834788,0.5,0.0038870329350625186,,,0.8914474564061265,,LearningParams_Fit_alpha_neg-exp_neg_Fix_alpha_pos-beta-exp_pos_
3,9,75.41048324966772,310949.0,0.08625630039796173,0.05,1.0,0.9056416992042516,0.5,0.003887030156908594,,,0.8914475473499226,,LearningParams_Fit_alpha_neg-exp_neg_Fix_alpha_pos-beta-exp_pos_
4,12,75.41048324966806,310949.0,0.7203167213322108,0.05,1.0,0.09770636494198548,0.5,0.0038870318709710435,,,0.8914474344918883,,LearningParams_Fit_alpha_neg-exp_neg_Fix_alpha_pos-beta-exp_pos_
5,14,75.41048324966856,310949.0,0.6291837937260386,0.05,1.0,0.11890105326646938,0.5,0.003887028976347233,,,0.8914476020715449,,LearningParams_Fit_alpha_neg-exp_neg_Fix_alpha_pos-beta-exp_pos_
6,36,75.4104832496686,310949.0,0.10260333808907264,0.05,1.0,0.38985923520543664,0.5,0.0038870303597795452,,,0.8914475719226214,,LearningParams_Fit_alpha_neg-exp_neg_Fix_alpha_pos-beta-exp_pos_
7,48,75.41048324966924,310949.0,0.22883160642644496,0.05,1.0,0.13041273185294966,0.5,0.0038870288447320407,,,0.8914476297680325,,LearningParams_Fit_alpha_neg-exp_neg_Fix_alpha_pos-beta-exp_pos_
8,35,75.41048324966961,310949.0,0.9392643680530176,0.05,1.0,0.0596435813680356,0.5,0.0038870451473618367,,,0.8914468853524424,,LearningParams_Fit_alpha_neg-exp_neg_Fix_alpha_pos-beta-exp_pos_
9,15,75.41048324966997,310949.0,0.7247090397778579,0.05,1.0,0.02669956007495433,0.5,0.003887027436672289,,,0.8914476663595672,,LearningParams_Fit_alpha_neg-exp_neg_Fix_alpha_pos-beta-exp_pos_
10,5,75.410483249671,310949.0,0.07116495710850756,0.05,1.0,0.875075671695741,0.5,0.0038870397749335983,,,0.8914470481766084,,LearningParams_Fit_alpha_neg-exp_neg_Fix_alpha_pos-beta-exp_pos_
11,29,75.4104832496715,310949.0,0.1503582223163844,0.05,1.0,0.11931708499283245,0.5,0.0038870293551270868,,,0.8914475252241413,,LearningParams_Fit_alpha_neg-exp_neg_Fix_alpha_pos-beta-exp_pos_
12,21,75.41048324967348,310949.0,0.5564431207397292,0.05,1.0,0.22679074699807897,0.5,0.003887030021965901,,,0.8914476329186849,,LearningParams_Fit_alpha_neg-exp_neg_Fix_alpha_pos-beta-exp_pos_
13,31,75.41048324967372,310949.0,0.9806653815126168,0.05,1.0,0.06400063095488373,0.5,0.003887025416837853,,,0.8914477165179504,,LearningParams_Fit_alpha_neg-exp_neg_Fix_alpha_pos-beta-exp_pos_
14,10,75.41048324967551,310949.0,0.13721324131103318,0.05,1.0,0.062112607376289326,0.5,0.0038870419350705244,,,0.8914471174996549,,LearningParams_Fit_alpha_neg-exp_neg_Fix_alpha_pos-beta-exp_pos_
15,25,75.41048324967609,310949.0,0.5675947964382827,0.05,1.0,0.22055097818666514,0.5,0.0038870409516753844,,,0.8914469666423388,,LearningParams_Fit_alpha_neg-exp_neg_Fix_alpha_pos-beta-exp_pos_
16,27,75.4104832496783,310949.0,0.5359444769051164,0.05,1.0,0.03284644376547785,0.5,0.0038870383351159686,,,0.8914472986309269,,LearningParams_Fit_alpha_neg-exp_neg_Fix_alpha_pos-beta-exp_pos_
17,42,75.41048324967994,310949.0,0.987942110164924,0.05,1.0,0.1151736539578111,0.5,0.0038870260774380616,,,0.8914476343574804,,LearningParams_Fit_alpha_neg-exp_neg_Fix_alpha_pos-beta-exp_pos_
18,40,75.41048324968087,310949.0,0.8587407674417984,0.05,1.0,0.25534590449091177,0.5,0.0038870465051832,,,0.8914469221963256,,LearningParams_Fit_alpha_neg-exp_neg_Fix_alpha_pos-beta-exp_pos_
19,32,104.24644641707657,310949.0,0.13695539265386936,0.05,1.0,0.5940550362363346,0.5,1.0783715816422703,,,-26.120756578916932,,LearningParams_Fit_alpha_neg-exp_neg_Fix_alpha_pos-beta-exp_pos_
20,33,104.24644641707657,310949.0,0.8764437544743927,0.05,1.0,0.9372702171307882,0.5,5.835497749822942,,,-25.986732072897528,,LearningParams_Fit_alpha_neg-exp_neg_Fix_alpha_pos-beta-exp_pos_
21,34,104.24644641707657,310949.0,0.5008378427940133,0.05,1.0,0.4939312364059298,0.5,3.9435416613717456,,,-21.71828670054402,,LearningParams_Fit_alpha_neg-exp_neg_Fix_alpha_pos-beta-exp_pos_
22,43,104.24644641707657,310949.0,0.7825393472561577,0.05,1.0,0.6462381441869038,0.5,3.7449551476843816,,,-24.19934656882388,,LearningParams_Fit_alpha_neg-exp_neg_Fix_alpha_pos-beta-exp_pos_
23,39,104.24644641707657,310949.0,0.5184506171299956,0.05,1.0,0.5696183098422226,0.5,4.08222269429614,,,-25.046267276090358,,LearningParams_Fit_alpha_neg-exp_neg_Fix_alpha_pos-beta-exp_pos_
24,46,104.24644641707657,310949.0,0.9279159976435251,0.05,1.0,0.4590819055729475,0.5,16.300421230870093,,,-30.40574778734773,,LearningParams_Fit_alpha_neg-exp_neg_Fix_alpha_pos-beta-exp_pos_
25,45,104.24644641707657,310949.0,0.7534205303196024,0.05,1.0,0.3448734609133449,0.5,13.235111841355335,,,-22.84153512431275,,LearningParams_Fit_alpha_neg-exp_neg_Fix_alpha_pos-beta-exp_pos_
26,44,104.24644641707657,310949.0,0.4011947687894765,0.05,1.0,0.8841760038432697,0.5,2.1739447689955123,,,-22.859317166550735,,LearningParams_Fit_alpha_neg-exp_neg_Fix_alpha_pos-beta-exp_pos_
27,41,104.24644641707657,310949.0,0.4910356134326619,0.05,1.0,0.9456934654370625,0.5,2.660763265765718,,,-24.44977784376996,,LearningParams_Fit_alpha_neg-exp_neg_Fix_alpha_pos-beta-exp_pos_
28,37,104.24644641707657,310949.0,0.9226820875278312,0.05,1.0,0.5494076533236093,0.5,5.614439407501591,,,-28.203605809766486,,LearningParams_Fit_alpha_neg-exp_neg_Fix_alpha_pos-beta-exp_pos_
29,38,104.24644641707657,310949.0,0.25891734928835264,0.05,1.0,0.4336743748080728,0.5,2.5756555546155493,,,-23.89649565174747,,LearningParams_Fit_alpha_neg-exp_neg_Fix_alpha_pos-beta-exp_pos_
30,24,104.24644641707657,310949.0,0.8167408695103107,0.05,1.0,0.9196777540874068,0.5,4.4256547667709984,,,-23.777172622105713,,LearningParams_Fit_alpha_neg-exp_neg_Fix_alpha_pos-beta-exp_pos_
31,11,104.24644641707657,310949.0,0.2609490933740679,0.05,1.0,0.8423636927599001,0.5,1.4139987872383015,,,-21.778309678938847,,LearningParams_Fit_alpha_neg-exp_neg_Fix_alpha_pos-beta-exp_pos_
32,1,104.24644641707657,310949.0,0.559469996677789,0.05,1.0,0.37605728595230814,0.5,4.147207939728969,,,-23.160354649899073,,LearningParams_Fit_alpha_neg-exp_neg_Fix_alpha_pos-beta-exp_pos_
33,2,104.24644641707657,310949.0,0.3328677871263267,0.05,1.0,0.5484271750309208,0.5,2.620964060819135,,,-24.114487490931143,,LearningParams_Fit_alpha_neg-exp_neg_Fix_alpha_pos-beta-exp_pos_
34,4,104.24644641707657,310949.0,0.8518835149782543,0.05,1.0,0.8745300670530751,0.5,4.616081402976415,,,-22.60993296306961,,LearningParams_Fit_alpha_neg-exp_neg_Fix_alpha_pos-beta-exp_pos_
35,6,104.24644641707657,310949.0,0.5895090240177704,0.05,1.0,0.4231051131371302,0.5,5.864312284907724,,,-23.31410404589416,,LearningParams_Fit_alpha_neg-exp_neg_Fix_alpha_pos-beta-exp_pos_
36,7,104.24644641707657,310949.0,0.2016161976475652,0.05,1.0,0.9736956219286428,0.5,1.0924930041913696,,,-25.173740237915553,,LearningParams_Fit_alpha_neg-exp_neg_Fix_alpha_pos-beta-exp_pos_
37,8,104.24644641707657,310949.0,0.5884089640482897,0.05,1.0,0.5968544094376949,0.5,4.633066963758632,,,-26.243845756696683,,LearningParams_Fit_alpha_neg-exp_neg_Fix_alpha_pos-beta-exp_pos_
38,30,104.24644641707657,310949.0,0.3734765857255008,0.05,1.0,0.97157627352902,0.5,2.0237488946579147,,,-25.11894701004823,,LearningParams_Fit_alpha_neg-exp_neg_Fix_alpha_pos-beta-exp_pos_
39,49,104.24644641707657,310949.0,0.4690715785443837,0.05,1.0,0.4476611799371269,0.5,3.753866697895528,,,-25.597956996016197,,LearningParams_Fit_alpha_neg-exp_neg_Fix_alpha_pos-beta-exp_pos_
40,17,104.24644641707657,310949.0,0.22137128272847476,0.05,1.0,0.4237508171387585,0.5,2.2021551493522344,,,-23.34968388128117,,LearningParams_Fit_alpha_neg-exp_neg_Fix_alpha_pos-beta-exp_pos_
41,18,104.24644641707657,310949.0,0.5872356251340625,0.05,1.0,0.4161642407232642,0.5,0.7140330086403894,,,-21.936857905895724,,LearningParams_Fit_alpha_neg-exp_neg_Fix_alpha_pos-beta-exp_pos_
42,19,104.24644641707657,310949.0,0.9825848934767352,0.05,1.0,0.7668104906404517,0.5,3.1371529563143015,,,-28.780685414955855,,LearningParams_Fit_alpha_neg-exp_neg_Fix_alpha_pos-beta-exp_pos_
43,22,104.24644641707657,310949.0,0.27911084154444243,0.05,1.0,0.8994101900559541,0.5,1.5124114299303524,,,-23.253178900975012,,LearningParams_Fit_alpha_neg-exp_neg_Fix_alpha_pos-beta-exp_pos_
44,23,104.24644641707657,310949.0,0.6163945037597572,0.05,1.0,0.5991712170655561,0.5,4.853422001533815,,,-26.345716398970772,,LearningParams_Fit_alpha_neg-exp_neg_Fix_alpha_pos-beta-exp_pos_
45,26,104.24644641707657,310949.0,0.5441896632555898,0.05,1.0,0.4304589007798096,0.5,3.3113462717407818,,,-22.09742270872265,,LearningParams_Fit_alpha_neg-exp_neg_Fix_alpha_pos-beta-exp_pos_
46,16,104.24644641707657,310949.0,0.6983941381662059,0.05,1.0,0.9946369152489352,0.5,3.784372084273649,,,-25.71515242712393,,LearningParams_Fit_alpha_neg-exp_neg_Fix_alpha_pos-beta-exp_pos_
47,28,244.0936516935759,310949.0,0.5585907068768691,0.05,1.0,0.419773773877371,0.5,0.9285834749790288,,,-0.6465595961492769,,LearningParams_Fit_alpha_neg-exp_neg_Fix_alpha_pos-beta-exp_pos_
48,20,246.95217260981343,310949.0,0.9030115603659904,0.05,1.0,0.3575110568819734,0.5,1.2329354794044165,,,-0.7257578163585585,,LearningParams_Fit_alpha_neg-exp_neg_Fix_alpha_pos-beta-exp_pos_
49,47,255.39582382861718,310949.0,0.8947387296618755,0.05,1.0,0.5557530222388736,0.5,1.3843875983031906,,,-0.7820710969965805,,LearningParams_Fit_alpha_neg-exp_neg_Fix_alpha_pos-beta-exp_pos_
0,1,64.96668802634468,200061.0,0.07689137473543595,0.05,1.0,0.7777276356153777,0.5,0.00723161490154058,,,0.8234781642555675,,LearningParams_Fit_alpha_neg-exp_neg_Fix_alpha_pos-beta-exp_pos_
1,21,64.96668802634579,200061.0,0.15624370347079453,0.05,1.0,0.3090578987775935,0.5,0.007231633306851234,,,0.823477683523147,,LearningParams_Fit_alpha_neg-exp_neg_Fix_alpha_pos-beta-exp_pos_
2,18,64.96668802634622,200061.0,0.7985439190213073,0.05,1.0,0.13741982573386702,0.5,0.007231613262674443,,,0.8234782124199216,,LearningParams_Fit_alpha_neg-exp_neg_Fix_alpha_pos-beta-exp_pos_
3,34,64.96668802634643,200061.0,0.172642537815058,0.05,1.0,0.16890664762913346,0.5,0.007231626370756648,,,0.8234778183033997,,LearningParams_Fit_alpha_neg-exp_neg_Fix_alpha_pos-beta-exp_pos_
4,8,64.96668802634777,200061.0,0.4960379849021337,0.05,1.0,0.13626620934898134,0.5,0.007231611318266394,,,0.8234781887494593,,LearningParams_Fit_alpha_neg-exp_neg_Fix_alpha_pos-beta-exp_pos_
5,30,64.96668802634893,200061.0,0.704756606271644,0.05,1.0,0.08504070737948942,0.5,0.007231611699835258,,,0.8234781662514148,,LearningParams_Fit_alpha_neg-exp_neg_Fix_alpha_pos-beta-exp_pos_
6,42,64.96668802634899,200061.0,0.06754040826960228,0.05,1.0,0.5235551821389303,0.5,0.007231633089688221,,,0.8234777811401829,,LearningParams_Fit_alpha_neg-exp_neg_Fix_alpha_pos-beta-exp_pos_
7,37,64.96668802634909,200061.0,0.7119875036087235,0.05,1.0,0.3720665112500399,0.5,0.0072316281072582625,,,0.8234779084854952,,LearningParams_Fit_alpha_neg-exp_neg_Fix_alpha_pos-beta-exp_pos_
8,35,64.96668802634963,200061.0,0.013787721386651077,0.05,1.0,0.4063279409535399,0.5,0.007231614311427297,,,0.8234782212478489,,LearningParams_Fit_alpha_neg-exp_neg_Fix_alpha_pos-beta-exp_pos_
9,39,64.96668802635082,200061.0,0.016882064601546842,0.05,1.0,0.9018600163653624,0.5,0.007231638050165148,,,0.8234776581938021,,LearningParams_Fit_alpha_neg-exp_neg_Fix_alpha_pos-beta-exp_pos_
10,49,64.9666880263509,200061.0,0.027370960882327044,0.05,1.0,0.653727761086734,0.5,0.007231621338252222,,,0.82347807683514,,LearningParams_Fit_alpha_neg-exp_neg_Fix_alpha_pos-beta-exp_pos_
11,28,64.96668802635291,200061.0,0.08263097697704913,0.05,1.0,0.5099829800139254,0.5,0.007231638043563516,,,0.8234775388184865,,LearningParams_Fit_alpha_neg-exp_neg_Fix_alpha_pos-beta-exp_pos_
12,24,64.96668802635301,200061.0,0.020305658258634614,0.05,1.0,0.3906293911899749,0.5,0.007231639173549633,,,0.8234776413298871,,LearningParams_Fit_alpha_neg-exp_neg_Fix_alpha_pos-beta-exp_pos_
13,26,64.96668802635311,200061.0,0.06939396211284843,0.05,1.0,0.6053847738053527,0.5,0.007231620341804726,,,0.8234781095449751,,LearningParams_Fit_alpha_neg-exp_neg_Fix_alpha_pos-beta-exp_pos_
14,31,64.96668802635341,200061.0,0.043221621228710094,0.05,1.0,0.3277048130803778,0.5,0.0072316114077702375,,,0.8234783005250171,,LearningParams_Fit_alpha_neg-exp_neg_Fix_alpha_pos-beta-exp_pos_
15,6,64.9666880263558,200061.0,0.8064456120083628,0.05,1.0,0.18536041955049154,0.5,0.007231646641882489,,,0.8234774017581501,,LearningParams_Fit_alpha_neg-exp_neg_Fix_alpha_pos-beta-exp_pos_
16,22,64.96668802636354,200061.0,0.004924268531036002,0.05,1.0,0.057846328740366874,0.5,0.00723164411234208,,,0.8234775585816785,,LearningParams_Fit_alpha_neg-exp_neg_Fix_alpha_pos-beta-exp_pos_
17,44,64.96668802636698,200061.0,0.4360099589344433,0.05,1.0,0.21424430451664836,0.5,0.0072316195837919955,,,0.8234781751191891,,LearningParams_Fit_alpha_neg-exp_neg_Fix_alpha_pos-beta-exp_pos_
18,14,64.9666880263723,200061.0,0.7464181908438482,0.05,1.0,0.22225940272070888,0.5,0.00723162537138316,,,0.8234780565179087,,LearningParams_Fit_alpha_neg-exp_neg_Fix_alpha_pos-beta-exp_pos_
19,43,64.96668802637565,200061.0,0.19115446970708228,0.05,1.0,0.3470376389094361,0.5,0.007231641229905277,,,0.8234776764608653,,LearningParams_Fit_alpha_neg-exp_neg_Fix_alpha_pos-beta-exp_pos_
20,41,104.45372825804114,200061.0,0.8635639930278136,0.05,1.0,0.6383696113308267,0.5,6.799607163803096,,,-28.06928013032888,,LearningParams_Fit_alpha_neg-exp_neg_Fix_alpha_pos-beta-exp_pos_
21,36,104.45372825804114,200061.0,0.2622312571250429,0.05,1.0,0.4533207522914074,0.5,1.5075288283448711,,,-24.94835708570156,,LearningParams_Fit_alpha_neg-exp_neg_Fix_alpha_pos-beta-exp_pos_
22,45,104.45372825804114,200061.0,0.7852491523616463,0.05,1.0,0.5991010581603657,0.5,8.832806841146011,,,-29.090861332814594,,LearningParams_Fit_alpha_neg-exp_neg_Fix_alpha_pos-beta-exp_pos_
23,46,104.45372825804114,200061.0,0.21987447887065406,0.05,1.0,0.5402601652948146,0.5,0.5948098512144036,,,-25.920775262598823,,LearningParams_Fit_alpha_neg-exp_neg_Fix_alpha_pos-beta-exp_pos_
24,33,104.45372825804114,200061.0,0.29901075997326243,0.05,1.0,0.8375942284979245,0.5,1.8322804125852,,,-26.911068239262338,,LearningParams_Fit_alpha_neg-exp_neg_Fix_alpha_pos-beta-exp_pos_
25,47,104.45372825804114,200061.0,0.4530116371712859,0.05,1.0,0.5318083370083414,0.5,3.62534286092001,,,-30.409621273781966,,LearningParams_Fit_alpha_neg-exp_neg_Fix_alpha_pos-beta-exp_pos_
26,32,104.45372825804114,200061.0,0.2465368417965035,0.05,1.0,0.8515430879584461,0.5,1.3359034545872444,,,-22.01563200540857,,LearningParams_Fit_alpha_neg-exp_neg_Fix_alpha_pos-beta-exp_pos_
27,40,104.45372825804114,200061.0,0.3650471480826354,0.05,1.0,0.9278021696732008,0.5,2.2369386946532885,,,-29.80935953365743,,LearningParams_Fit_alpha_neg-exp_neg_Fix_alpha_pos-beta-exp_pos_
28,0,104.45372825804114,200061.0,0.8571546928794013,0.05,1.0,0.5238345770095686,0.5,5.215710970309232,,,-26.890822925616412,,LearningParams_Fit_alpha_neg-exp_neg_Fix_alpha_pos-beta-exp_pos_
29,27,104.45372825804114,200061.0,0.5309823416699031,0.05,1.0,0.9699452979254708,0.5,2.877221673615523,,,-25.076780078972945,,LearningParams_Fit_alpha_neg-exp_neg_Fix_alpha_pos-beta-exp_pos_
30,2,104.45372825804114,200061.0,0.9363570136880514,0.05,1.0,0.5975551532072708,0.5,10.53253048587815,,,-29.01579602286119,,LearningParams_Fit_alpha_neg-exp_neg_Fix_alpha_pos-beta-exp_pos_
31,3,104.45372825804114,200061.0,0.9511933394034844,0.05,1.0,0.9384998689230996,0.5,6.333192019908168,,,-26.020825369671158,,LearningParams_Fit_alpha_neg-exp_neg_Fix_alpha_pos-beta-exp_pos_
32,4,104.45372825804114,200061.0,0.7839545323986161,0.05,1.0,0.6807261974291412,0.5,6.172771094708826,,,-29.931710389312354,,LearningParams_Fit_alpha_neg-exp_neg_Fix_alpha_pos-beta-exp_pos_
33,5,104.45372825804114,200061.0,0.44984262689789456,0.05,1.0,0.7700114228339761,0.5,4.0705046841534935,,,-25.53821088114016,,LearningParams_Fit_alpha_neg-exp_neg_Fix_alpha_pos-beta-exp_pos_
34,7,104.45372825804114,200061.0,0.3047365959114252,0.05,1.0,0.8341219592025159,0.5,1.867367233661836,,,-26.7995076855065,,LearningParams_Fit_alpha_neg-exp_neg_Fix_alpha_pos-beta-exp_pos_
35,9,104.45372825804114,200061.0,0.5915853807717922,0.05,1.0,0.975727319367102,0.5,5.3530966598568535,,,-32.36098751986862,,LearningParams_Fit_alpha_neg-exp_neg_Fix_alpha_pos-beta-exp_pos_
36,10,104.45372825804114,200061.0,0.4025015090880262,0.05,1.0,0.5595146954084345,0.5,4.00400069934741,,,-30.830598399625558,,LearningParams_Fit_alpha_neg-exp_neg_Fix_alpha_pos-beta-exp_pos_
37,11,104.45372825804114,200061.0,0.8223373547817187,0.05,1.0,0.9030845377361392,0.5,5.0391251065291085,,,-29.015206640598386,,LearningParams_Fit_alpha_neg-exp_neg_Fix_alpha_pos-beta-exp_pos_
38,13,104.45372825804114,200061.0,0.19389282812825348,0.05,1.0,0.7003095243599439,0.5,1.5266906376310865,,,-30.792794438032054,,LearningParams_Fit_alpha_neg-exp_neg_Fix_alpha_pos-beta-exp_pos_
39,16,104.45372825804114,200061.0,0.6145933235888267,0.05,1.0,0.6307115422116009,0.5,4.231556058396197,,,-28.66466932796032,,LearningParams_Fit_alpha_neg-exp_neg_Fix_alpha_pos-beta-exp_pos_
40,17,104.45372825804114,200061.0,0.9100543834130176,0.05,1.0,0.5775702348875954,0.5,7.165667344708472,,,-25.39591551703439,,LearningParams_Fit_alpha_neg-exp_neg_Fix_alpha_pos-beta-exp_pos_
41,19,104.45372825804114,200061.0,0.17863744315351324,0.05,1.0,0.578020150579094,0.5,0.4832544073747305,,,-27.732435931563288,,LearningParams_Fit_alpha_neg-exp_neg_Fix_alpha_pos-beta-exp_pos_
42,20,104.45372825804114,200061.0,0.6116456313705715,0.05,1.0,0.9741943674941668,0.5,3.3143099667252334,,,-25.186634710303565,,LearningParams_Fit_alpha_neg-exp_neg_Fix_alpha_pos-beta-exp_pos_
43,48,104.45372825804114,200061.0,0.5652597435544062,0.05,1.0,0.8694534723222809,0.5,3.062959834525291,,,-22.478683654591563,,LearningParams_Fit_alpha_neg-exp_neg_Fix_alpha_pos-beta-exp_pos_
44,25,104.45372825804114,200061.0,0.5232076985453079,0.05,1.0,0.8785745506918532,0.5,4.433597658400751,,,-31.10891774794477,,LearningParams_Fit_alpha_neg-exp_neg_Fix_alpha_pos-beta-exp_pos_
45,15,274.72232652660097,200061.0,0.7437964285399797,0.05,1.0,0.4511854996564486,0.5,0.903538953629882,,,-0.4469391167767863,,LearningParams_Fit_alpha_neg-exp_neg_Fix_alpha_pos-beta-exp_pos_
46,38,275.76362238247344,200061.0,0.7189214273686025,0.05,1.0,0.4103070869778396,0.5,1.0027568018143764,,,-0.5269456743678429,,LearningParams_Fit_alpha_neg-exp_neg_Fix_alpha_pos-beta-exp_pos_
47,29,279.8232456622157,200061.0,0.7947160582554301,0.05,1.0,0.3619452739083864,0.5,1.102625299375526,,,-0.5780972014769648,,LearningParams_Fit_alpha_neg-exp_neg_Fix_alpha_pos-beta-exp_pos_
48,23,281.98156037520243,200061.0,0.9703815962816796,0.05,1.0,0.39985898519426505,0.5,1.2623745199504208,,,-0.4786216838539674,,LearningParams_Fit_alpha_neg-exp_neg_Fix_alpha_pos-beta-exp_pos_
49,12,,200061.0,0.09132510526920046,0.05,1.0,0.9030573390897229,0.5,inf,,,inf,,LearningParams_Fit_alpha_neg-exp_neg_Fix_alpha_pos-beta-exp_pos_
0,40,115.81102273113237,311283.0,0.8788314447418303,0.05,1.0,0.266771824434871,0.5,0.15316148281461067,,,0.0948323219114265,,LearningParams_Fit_alpha_neg-exp_neg_Fix_alpha_pos-beta-exp_pos_
1,0,115.8110227311331,311283.0,0.08040221821990456,0.05,1.0,0.8956265150300261,0.5,0.15316145876188408,,,0.09483237211713308,,LearningParams_Fit_alpha_neg-exp_neg_Fix_alpha_pos-beta-exp_pos_
2,23,115.81102273113407,311283.0,0.15736688599308835,0.05,1.0,0.4019679787958856,0.5,0.15316159650918734,,,0.09483206164900636,,LearningParams_Fit_alpha_neg-exp_neg_Fix_alpha_pos-beta-exp_pos_
3,30,115.81102273113441,311283.0,0.7300413795781191,0.05,1.0,0.014021413545691641,0.5,0.15316142224615747,,,0.09483238255167097,,LearningParams_Fit_alpha_neg-exp_neg_Fix_alpha_pos-beta-exp_pos_
4,32,115.81102273113508,311283.0,0.5265274235862548,0.05,1.0,0.7095946719461789,0.5,0.15316151861657895,,,0.09483212425102837,,LearningParams_Fit_alpha_neg-exp_neg_Fix_alpha_pos-beta-exp_pos_
5,34,115.81102273113542,311283.0,0.7544725436837468,0.05,1.0,0.996654456469,0.5,0.15316159534018806,,,0.09483201239290168,,LearningParams_Fit_alpha_neg-exp_neg_Fix_alpha_pos-beta-exp_pos_
6,4,115.81102273113596,311283.0,0.12629150966477198,0.05,1.0,0.19071015767636512,0.5,0.15316142761053508,,,0.0948324798010992,,LearningParams_Fit_alpha_neg-exp_neg_Fix_alpha_pos-beta-exp_pos_
7,3,115.81102273113599,311283.0,0.9707713760438106,0.05,1.0,0.5853800196906218,0.5,0.1531614298354711,,,0.09483230839470187,,LearningParams_Fit_alpha_neg-exp_neg_Fix_alpha_pos-beta-exp_pos_
8,33,115.81102273113657,311283.0,0.7207209089841262,0.05,1.0,0.9416015219909072,0.5,0.15316158060857982,,,0.0948320050575377,,LearningParams_Fit_alpha_neg-exp_neg_Fix_alpha_pos-beta-exp_pos_
9,43,115.81102273113676,311283.0,0.8691974333761738,0.05,1.0,0.7241861560400558,0.5,0.15316160782539268,,,0.09483197230583236,,LearningParams_Fit_alpha_neg-exp_neg_Fix_alpha_pos-beta-exp_pos_
10,39,115.81102273113702,311283.0,0.03175620933141232,0.05,1.0,0.3363766271609362,0.5,0.15316139081310162,,,0.09483241149204258,,LearningParams_Fit_alpha_neg-exp_neg_Fix_alpha_pos-beta-exp_pos_
11,7,115.81102273113748,311283.0,0.7652039796062878,0.05,1.0,0.06166271399252854,0.5,0.15316144399136009,,,0.09483224556879574,,LearningParams_Fit_alpha_neg-exp_neg_Fix_alpha_pos-beta-exp_pos_
12,14,115.81102273113756,311283.0,0.033480832189385135,0.05,1.0,0.8203021488629634,0.5,0.1531614705223065,,,0.09483218470002384,,LearningParams_Fit_alpha_neg-exp_neg_Fix_alpha_pos-beta-exp_pos_
13,1,115.81102273113865,311283.0,0.7480452906623951,0.05,1.0,0.9170362119696992,0.5,0.15316141974657044,,,0.09483228929414206,,LearningParams_Fit_alpha_neg-exp_neg_Fix_alpha_pos-beta-exp_pos_
14,29,115.8110227311387,311283.0,0.1796316250764458,0.05,1.0,0.19935476126612373,0.5,0.15316155556657673,,,0.09483201285764628,,LearningParams_Fit_alpha_neg-exp_neg_Fix_alpha_pos-beta-exp_pos_
15,38,115.81102273113906,311283.0,0.5019315011855838,0.05,1.0,0.6995061695431299,0.5,0.15316150524032293,,,0.09483240897256297,,LearningParams_Fit_alpha_neg-exp_neg_Fix_alpha_pos-beta-exp_pos_
16,12,115.81102273113913,311283.0,0.42655153300130577,0.05,1.0,0.14775405977550615,0.5,0.15316165392681394,,,0.09483190781352993,,LearningParams_Fit_alpha_neg-exp_neg_Fix_alpha_pos-beta-exp_pos_
17,49,115.81102273113994,311283.0,0.6332112616574109,0.05,1.0,0.5753979846878928,0.5,0.1531614982961818,,,0.09483209979725404,,LearningParams_Fit_alpha_neg-exp_neg_Fix_alpha_pos-beta-exp_pos_
18,47,115.81102273114072,311283.0,0.9200496105964056,0.05,1.0,0.21924578488091065,0.5,0.15316167666849356,,,0.0948319903025683,,LearningParams_Fit_alpha_neg-exp_neg_Fix_alpha_pos-beta-exp_pos_
19,15,115.81102273114168,311283.0,0.14519691708671134,0.05,1.0,0.21659461202792185,0.5,0.15316167702027805,,,0.09483200978763584,,LearningParams_Fit_alpha_neg-exp_neg_Fix_alpha_pos-beta-exp_pos_
20,36,115.81102273114182,311283.0,0.4817091148900462,0.05,1.0,0.23311993905314776,0.5,0.1531616963137879,,,0.0948318948215425,,LearningParams_Fit_alpha_neg-exp_neg_Fix_alpha_pos-beta-exp_pos_
21,26,115.81102273114209,311283.0,0.7510778593624413,0.05,1.0,0.06074899997315453,0.5,0.15316158492954568,,,0.09483193217145612,,LearningParams_Fit_alpha_neg-exp_neg_Fix_alpha_pos-beta-exp_pos_
22,42,115.81102273114395,311283.0,0.07155920709668495,0.05,1.0,0.052624591261603015,0.5,0.1531616608214187,,,0.09483182511548628,,LearningParams_Fit_alpha_neg-exp_neg_Fix_alpha_pos-beta-exp_pos_
23,41,115.81102273114452,311283.0,0.014812866033391159,0.05,1.0,0.7769046459977015,0.5,0.1531613518262816,,,0.09483240475137003,,LearningParams_Fit_alpha_neg-exp_neg_Fix_alpha_pos-beta-exp_pos_
24,8,115.81102273114547,311283.0,0.012028397445145722,0.05,1.0,0.26754310845037965,0.5,0.1531614265410754,,,0.0948325965908342,,LearningParams_Fit_alpha_neg-exp_neg_Fix_alpha_pos-beta-exp_pos_
25,22,115.81102273114573,311283.0,0.2888843327281433,0.05,1.0,0.4520566200459423,0.5,0.15316149813491306,,,0.09483204909878404,,LearningParams_Fit_alpha_neg-exp_neg_Fix_alpha_pos-beta-exp_pos_
26,17,115.81102273114601,311283.0,0.7499760560243319,0.05,1.0,0.8166491089098258,0.5,0.15316172791738608,,,0.0948317983717575,,LearningParams_Fit_alpha_neg-exp_neg_Fix_alpha_pos-beta-exp_pos_
27,6,115.81102273114678,311283.0,0.314074585396496,0.05,1.0,0.4330733305585873,0.5,0.1531614613738813,,,0.09483255401453344,,LearningParams_Fit_alpha_neg-exp_neg_Fix_alpha_pos-beta-exp_pos_
28,18,115.81102273114773,311283.0,0.734497812574307,0.05,1.0,0.3004280304472657,0.5,0.1531613065824064,,,0.09483273152592453,,LearningParams_Fit_alpha_neg-exp_neg_Fix_alpha_pos-beta-exp_pos_
29,46,115.81102273114831,311283.0,0.993272104448177,0.05,1.0,0.9811345960497422,0.5,0.15316174714961567,,,0.09483177536920087,,LearningParams_Fit_alpha_neg-exp_neg_Fix_alpha_pos-beta-exp_pos_
30,25,115.81102273114843,311283.0,0.3920945845455819,0.05,1.0,0.4418479092528682,0.5,0.15316173605379968,,,0.09483174207825742,,LearningParams_Fit_alpha_neg-exp_neg_Fix_alpha_pos-beta-exp_pos_
31,31,115.81102273114843,311283.0,0.6471078122365601,0.05,1.0,0.33729903092792823,0.5,0.15316147211581246,,,0.09483254845670992,,LearningParams_Fit_alpha_neg-exp_neg_Fix_alpha_pos-beta-exp_pos_
32,28,115.81102273114857,311283.0,0.6641307870138465,0.05,1.0,0.16937608851745636,0.5,0.1531617383197735,,,0.09483189426420643,,LearningParams_Fit_alpha_neg-exp_neg_Fix_alpha_pos-beta-exp_pos_
33,13,115.81102273114931,311283.0,0.598658826616269,0.05,1.0,0.8107929959465237,0.5,0.1531612838301898,,,0.0948325785167407,,LearningParams_Fit_alpha_neg-exp_neg_Fix_alpha_pos-beta-exp_pos_
34,24,115.81102273115023,311283.0,0.7978796455910145,0.05,1.0,0.8424674004500285,0.5,0.1531612799319021,,,0.09483257860557227,,LearningParams_Fit_alpha_neg-exp_neg_Fix_alpha_pos-beta-exp_pos_
35,16,115.81102273115032,311283.0,0.8481594689650229,0.05,1.0,0.23617346813506035,0.5,0.15316163596337776,,,0.09483222721987987,,LearningParams_Fit_alpha_neg-exp_neg_Fix_alpha_pos-beta-exp_pos_
36,11,115.81102273115064,311283.0,0.947072356425058,0.05,1.0,0.5980824913726817,0.5,0.153161609142832,,,0.09483229298532313,,LearningParams_Fit_alpha_neg-exp_neg_Fix_alpha_pos-beta-exp_pos_
37,20,115.81102273115073,311283.0,0.3989216663467623,0.05,1.0,0.4419905336037563,0.5,0.15316173296754715,,,0.09483195255292548,,LearningParams_Fit_alpha_neg-exp_neg_Fix_alpha_pos-beta-exp_pos_
38,5,115.81102273115116,311283.0,0.5870611134945798,0.05,1.0,0.9698770203519536,0.5,0.1531612677354247,,,0.09483261666725548,,LearningParams_Fit_alpha_neg-exp_neg_Fix_alpha_pos-beta-exp_pos_
39,37,115.81102273115118,311283.0,0.18840761872607706,0.05,1.0,0.7648085316162669,0.5,0.15316141169706934,,,0.09483266332028563,,LearningParams_Fit_alpha_neg-exp_neg_Fix_alpha_pos-beta-exp_pos_
40,9,115.81102273115135,311283.0,0.034220623378619634,0.05,1.0,0.7633090146231529,0.5,0.15316168805721098,,,0.09483210070522492,,LearningParams_Fit_alpha_neg-exp_neg_Fix_alpha_pos-beta-exp_pos_
41,45,115.81102273115276,311283.0,0.4295646944242413,0.05,1.0,0.8907391979824714,0.5,0.15316177955002766,,,0.09483173898112436,,LearningParams_Fit_alpha_neg-exp_neg_Fix_alpha_pos-beta-exp_pos_
42,44,115.81102273115371,311283.0,0.35309937559103177,0.05,1.0,0.5218223394927558,0.5,0.15316177440089546,,,0.09483182819895844,,LearningParams_Fit_alpha_neg-exp_neg_Fix_alpha_pos-beta-exp_pos_
43,2,115.8110227311543,311283.0,0.4754448431545691,0.05,1.0,0.07809414535617965,0.5,0.15316171172100052,,,0.09483205933474444,,LearningParams_Fit_alpha_neg-exp_neg_Fix_alpha_pos-beta-exp_pos_
44,48,115.81102273115722,311283.0,0.3113790296788745,0.05,1.0,0.4336495278946396,0.5,0.1531616122576288,,,0.09483177528340644,,LearningParams_Fit_alpha_neg-exp_neg_Fix_alpha_pos-beta-exp_pos_
45,19,115.8110227311589,311283.0,0.4283470293233469,0.05,1.0,0.2977185869679462,0.5,0.1531613297867525,,,0.09483233604426013,,LearningParams_Fit_alpha_neg-exp_neg_Fix_alpha_pos-beta-exp_pos_
46,35,115.81102273116815,311283.0,0.08851458417319323,0.05,1.0,0.9399555131199344,0.5,0.1531612819872409,,,0.09483240185286618,,LearningParams_Fit_alpha_neg-exp_neg_Fix_alpha_pos-beta-exp_pos_
47,21,115.81102273117894,311283.0,0.5219855697806668,0.05,1.0,0.31592594795853,0.5,0.15316140137037085,,,0.09483206069545394,,LearningParams_Fit_alpha_neg-exp_neg_Fix_alpha_pos-beta-exp_pos_
48,10,115.8110227311798,311283.0,0.09987520102136073,0.05,1.0,0.15104662030696558,0.5,0.15316125249019272,,,0.09483241304230138,,LearningParams_Fit_alpha_neg-exp_neg_Fix_alpha_pos-beta-exp_pos_
49,27,159.6703083820574,311283.0,0.9401709762007524,0.05,1.0,0.3803395677183549,0.5,1.4506296507220695,,,-0.6971810232390092,,LearningParams_Fit_alpha_neg-exp_neg_Fix_alpha_pos-beta-exp_pos_
0,2,83.60692147794569,100129.0,0.08479204332270797,0.05,1.0,0.4021563931448713,0.5,0.008663558446598585,,,0.6336243436514002,,LearningParams_Fit_alpha_neg-exp_neg_Fix_alpha_pos-beta-exp_pos_
1,23,83.60692147794643,100129.0,0.4010532166847,0.05,1.0,0.1968068498033844,0.5,0.008663550907644875,,,0.6336244639940296,,LearningParams_Fit_alpha_neg-exp_neg_Fix_alpha_pos-beta-exp_pos_
2,34,83.60692147794691,100129.0,0.15050587771070245,0.05,1.0,0.14722360826371014,0.5,0.00866357075279926,,,0.6336240338700221,,LearningParams_Fit_alpha_neg-exp_neg_Fix_alpha_pos-beta-exp_pos_
3,36,83.60692147794734,100129.0,0.8591998302756836,0.05,1.0,0.18185198043409168,0.5,0.008663545249896959,,,0.6336245800313136,,LearningParams_Fit_alpha_neg-exp_neg_Fix_alpha_pos-beta-exp_pos_
4,18,83.60692147794747,100129.0,0.7205902598198803,0.05,1.0,0.16371005872293987,0.5,0.008663573295017147,,,0.633623982998215,,LearningParams_Fit_alpha_neg-exp_neg_Fix_alpha_pos-beta-exp_pos_
5,16,83.60692147794757,100129.0,0.7725102283272728,0.05,1.0,0.25359432519532565,0.5,0.00866354760983324,,,0.6336246120015171,,LearningParams_Fit_alpha_neg-exp_neg_Fix_alpha_pos-beta-exp_pos_
6,44,83.60692147794768,100129.0,0.07417687300026454,0.05,1.0,0.969069364249026,0.5,0.008663574861968662,,,0.6336239735088507,,LearningParams_Fit_alpha_neg-exp_neg_Fix_alpha_pos-beta-exp_pos_
7,48,83.60692147794772,100129.0,0.40792598565744775,0.05,1.0,0.1735277156267181,0.5,0.008663574166954506,,,0.6336239309038173,,LearningParams_Fit_alpha_neg-exp_neg_Fix_alpha_pos-beta-exp_pos_
8,45,83.60692147794775,100129.0,0.006629267796942506,0.05,1.0,0.7938628402619707,0.5,0.008663544908241078,,,0.6336246136752068,,LearningParams_Fit_alpha_neg-exp_neg_Fix_alpha_pos-beta-exp_pos_
9,8,83.60692147794809,100129.0,0.5674801737700832,0.05,1.0,0.21029201234233508,0.5,0.00866354268045237,,,0.6336246363418181,,LearningParams_Fit_alpha_neg-exp_neg_Fix_alpha_pos-beta-exp_pos_
10,31,83.60692147794823,100129.0,0.6178918868627082,0.05,1.0,0.06878422311328858,0.5,0.00866356631273401,,,0.6336240557811651,,LearningParams_Fit_alpha_neg-exp_neg_Fix_alpha_pos-beta-exp_pos_
11,12,83.6069214779489,100129.0,0.004780876644239984,0.05,1.0,0.5322521797147358,0.5,0.00866357329735885,,,0.6336240646800305,,LearningParams_Fit_alpha_neg-exp_neg_Fix_alpha_pos-beta-exp_pos_
12,21,83.60692147795045,100129.0,0.4577509271448181,0.05,1.0,0.2555911829363289,0.5,0.008663544391572322,,,0.6336247385155389,,LearningParams_Fit_alpha_neg-exp_neg_Fix_alpha_pos-beta-exp_pos_
13,11,83.606921477951,100129.0,0.9856923827987822,0.05,1.0,0.10185945627852988,0.5,0.008663582066636356,,,0.6336238662070255,,LearningParams_Fit_alpha_neg-exp_neg_Fix_alpha_pos-beta-exp_pos_
14,24,83.60692147795507,100129.0,0.3586114214106693,0.05,1.0,0.19274259487521594,0.5,0.008663570207669034,,,0.6336242375854237,,LearningParams_Fit_alpha_neg-exp_neg_Fix_alpha_pos-beta-exp_pos_
15,42,83.60692147796075,100129.0,0.8024724543004345,0.05,1.0,0.24125650302586865,0.5,0.008663596957079219,,,0.6336235996549805,,LearningParams_Fit_alpha_neg-exp_neg_Fix_alpha_pos-beta-exp_pos_
16,5,92.27021919299328,100129.0,0.7933231445403329,0.05,1.0,0.2784418792152201,0.5,-28.867079583240148,,,-3.766382125246993,,LearningParams_Fit_alpha_neg-exp_neg_Fix_alpha_pos-beta-exp_pos_
17,10,92.59690266883234,100129.0,0.4724027162855472,0.05,1.0,0.854078854537388,0.5,2.4985653291160284,,,-21.486958985128002,,LearningParams_Fit_alpha_neg-exp_neg_Fix_alpha_pos-beta-exp_pos_
18,1,92.59690266883234,100129.0,0.9982697063214347,0.05,1.0,0.5838797433123049,0.5,3.1735535627635447,,,-21.66748006014369,,LearningParams_Fit_alpha_neg-exp_neg_Fix_alpha_pos-beta-exp_pos_
19,38,92.59690266883234,100129.0,0.3737788456840699,0.05,1.0,0.8472746814102803,0.5,1.981958679055752,,,-21.36869772184148,,LearningParams_Fit_alpha_neg-exp_neg_Fix_alpha_pos-beta-exp_pos_
20,20,92.59690266883234,100129.0,0.9787262667229404,0.05,1.0,0.5080639967495021,0.5,6.535709877037628,,,-22.072031604099735,,LearningParams_Fit_alpha_neg-exp_neg_Fix_alpha_pos-beta-exp_pos_
21,27,92.59690266883234,100129.0,0.4307236335734839,0.05,1.0,0.8764245521697592,0.5,2.2222923507166774,,,-21.4393537322405,,LearningParams_Fit_alpha_neg-exp_neg_Fix_alpha_pos-beta-exp_pos_
22,14,92.59690266883236,100129.0,0.5018032750697716,0.05,1.0,0.5114565393760161,0.5,2.7346073301129143,,,-21.774163331525134,,LearningParams_Fit_alpha_neg-exp_neg_Fix_alpha_pos-beta-exp_pos_
23,13,92.59690266883236,100129.0,0.6106342954709085,0.05,1.0,0.8825211593466699,0.5,3.1775941782823285,,,-21.93461526028516,,LearningParams_Fit_alpha_neg-exp_neg_Fix_alpha_pos-beta-exp_pos_
24,17,92.59690266883236,100129.0,0.2223995848014556,0.05,1.0,0.394955794512218,0.5,2.2123844829731665,,,-21.76300924021753,,LearningParams_Fit_alpha_neg-exp_neg_Fix_alpha_pos-beta-exp_pos_
25,6,92.59690266883236,100129.0,0.1200666735772058,0.05,1.0,0.650911958604674,0.5,0.7357454769167682,,,-20.91315286063443,,LearningParams_Fit_alpha_neg-exp_neg_Fix_alpha_pos-beta-exp_pos_
26,47,92.59690266883236,100129.0,0.8947193170036525,0.05,1.0,0.7178668933144833,0.5,4.2818086064224135,,,-26.881591403830647,,LearningParams_Fit_alpha_neg-exp_neg_Fix_alpha_pos-beta-exp_pos_
27,43,92.59690266883236,100129.0,0.6461668451207024,0.05,1.0,0.7515100824499619,0.5,3.9595861155047327,,,-24.14527037462119,,LearningParams_Fit_alpha_neg-exp_neg_Fix_alpha_pos-beta-exp_pos_
28,40,92.59690266883236,100129.0,0.8590818746659691,0.05,1.0,0.7586879805151809,0.5,5.264288455365839,,,-24.375889089597287,,LearningParams_Fit_alpha_neg-exp_neg_Fix_alpha_pos-beta-exp_pos_
29,39,92.59690266883236,100129.0,0.21024973853937035,0.05,1.0,0.682426064270191,0.5,1.2883699493331855,,,-21.92566968466381,,LearningParams_Fit_alpha_neg-exp_neg_Fix_alpha_pos-beta-exp_pos_
30,46,92.59690266883236,100129.0,0.19586926360030565,0.05,1.0,0.9136297768139284,0.5,1.06135222624082,,,-23.620809375297842,,LearningParams_Fit_alpha_neg-exp_neg_Fix_alpha_pos-beta-exp_pos_
31,37,92.59690266883236,100129.0,0.4407208181677425,0.05,1.0,0.9634370521938954,0.5,2.388123654089617,,,-24.908517139547786,,LearningParams_Fit_alpha_neg-exp_neg_Fix_alpha_pos-beta-exp_pos_
32,41,92.59690266883236,100129.0,0.6789690940730572,0.05,1.0,0.9723002563021949,0.5,3.679114049326549,,,-25.137664722091074,,LearningParams_Fit_alpha_neg-exp_neg_Fix_alpha_pos-beta-exp_pos_
33,0,92.59690266883236,100129.0,0.7809005584576991,0.05,1.0,0.7268859172563341,0.5,4.785208390383088,,,-23.354120474926948,,LearningParams_Fit_alpha_neg-exp_neg_Fix_alpha_pos-beta-exp_pos_
34,32,92.59690266883236,100129.0,0.42273748184332827,0.05,1.0,0.9407559594621848,0.5,2.2906777675206658,,,-24.32212450936493,,LearningParams_Fit_alpha_neg-exp_neg_Fix_alpha_pos-beta-exp_pos_
35,30,92.59690266883236,100129.0,0.4170724225219147,0.05,1.0,0.3119143579585629,0.5,5.525916853489895,,,-23.484889470580804,,LearningParams_Fit_alpha_neg-exp_neg_Fix_alpha_pos-beta-exp_pos_
36,29,92.59690266883236,100129.0,0.3706964759672064,0.05,1.0,0.4346908064789685,0.5,3.6876108921462953,,,-23.95250346870594,,LearningParams_Fit_alpha_neg-exp_neg_Fix_alpha_pos-beta-exp_pos_
37,28,92.59690266883236,100129.0,0.6711447104575613,0.05,1.0,0.4611876482508305,0.5,6.676406993166577,,,-25.41254284609956,,LearningParams_Fit_alpha_neg-exp_neg_Fix_alpha_pos-beta-exp_pos_
38,26,92.59690266883236,100129.0,0.1787430906055386,0.05,1.0,0.9805249735120491,0.5,0.9685510306837994,,,-25.35030498657233,,LearningParams_Fit_alpha_neg-exp_neg_Fix_alpha_pos-beta-exp_pos_
39,25,92.59690266883236,100129.0,0.9793569409894184,0.05,1.0,0.4176419267853506,0.5,7.259722425899381,,,-25.721440595204033,,LearningParams_Fit_alpha_neg-exp_neg_Fix_alpha_pos-beta-exp_pos_
40,22,92.59690266883236,100129.0,0.6356459411559195,0.05,1.0,0.6687246870210511,0.5,5.00500568576496,,,-29.40400081220782,,LearningParams_Fit_alpha_neg-exp_neg_Fix_alpha_pos-beta-exp_pos_
41,15,92.59690266883236,100129.0,0.7446466010281845,0.05,1.0,0.7871537442659587,0.5,4.563051113893399,,,-25.29046572434032,,LearningParams_Fit_alpha_neg-exp_neg_Fix_alpha_pos-beta-exp_pos_
42,9,92.59690266883236,100129.0,0.4171791969160249,0.05,1.0,0.6993502482463223,0.5,2.556393860594192,,,-22.469426857742945,,LearningParams_Fit_alpha_neg-exp_neg_Fix_alpha_pos-beta-exp_pos_
43,7,92.59690266883236,100129.0,0.19324404303031306,0.05,1.0,0.4425597284521129,0.5,1.9223512607226108,,,-24.3860998964368,,LearningParams_Fit_alpha_neg-exp_neg_Fix_alpha_pos-beta-exp_pos_
44,4,92.59690266883236,100129.0,0.5647911391543,0.05,1.0,0.3011333145051337,0.5,5.9196550774530365,,,-23.40354304516953,,LearningParams_Fit_alpha_neg-exp_neg_Fix_alpha_pos-beta-exp_pos_
45,3,92.59690266883236,100129.0,0.8170714801118372,0.05,1.0,0.9395008420470172,0.5,4.4274462387534985,,,-24.289674943950523,,LearningParams_Fit_alpha_neg-exp_neg_Fix_alpha_pos-beta-exp_pos_
46,33,92.59690266883236,100129.0,0.7802820380349828,0.05,1.0,0.9529676522359732,0.5,4.22809614403864,,,-24.637843276944178,,LearningParams_Fit_alpha_neg-exp_neg_Fix_alpha_pos-beta-exp_pos_
47,49,92.59690266883236,100129.0,0.5493050754237904,0.05,1.0,0.42343527396472297,0.5,5.464371825922497,,,-23.332296697430007,,LearningParams_Fit_alpha_neg-exp_neg_Fix_alpha_pos-beta-exp_pos_
48,19,222.04269549843812,100129.0,0.5717179243684385,0.05,1.0,0.3650613506585658,0.5,0.8011086516188977,,,-0.4754304795338964,,LearningParams_Fit_alpha_neg-exp_neg_Fix_alpha_pos-beta-exp_pos_
49,35,239.07256663595192,100129.0,0.780790655125715,0.05,1.0,0.4024908253433861,0.5,1.0983071659891297,,,-0.4373308804313668,,LearningParams_Fit_alpha_neg-exp_neg_Fix_alpha_pos-beta-exp_pos_
0,30,44.75488467752455,100244.0,0.8591943491325026,0.05,1.0,0.2492046712665196,0.5,4654407.729870413,,,-8.896118968233543,,LearningParams_Fit_alpha_neg-exp_neg_Fix_alpha_pos-beta-exp_pos_
1,26,44.755140327049475,100244.0,0.8214515213074882,0.05,1.0,0.5741716486972299,0.5,4410008.176192122,,,-8.858399945033824,,LearningParams_Fit_alpha_neg-exp_neg_Fix_alpha_pos-beta-exp_pos_
2,17,44.755902179884465,100244.0,0.1219269790132177,0.05,1.0,0.7619878542334838,0.5,4023984.592983272,,,-8.797809438018142,,LearningParams_Fit_alpha_neg-exp_neg_Fix_alpha_pos-beta-exp_pos_
3,39,44.75609766611354,100244.0,0.17419268724934267,0.05,1.0,0.8789668264551407,0.5,3770160.619506579,,,-8.7668159653104,,LearningParams_Fit_alpha_neg-exp_neg_Fix_alpha_pos-beta-exp_pos_
4,1,44.756191618627845,100244.0,0.3901161244253615,0.05,1.0,0.770247169025485,0.5,3732136.933570225,,,-8.760985787178534,,LearningParams_Fit_alpha_neg-exp_neg_Fix_alpha_pos-beta-exp_pos_
5,48,44.75678392437985,100244.0,0.8021147406447136,0.05,1.0,0.604753618054,0.5,3273210.552204005,,,-8.674306473947652,,LearningParams_Fit_alpha_neg-exp_neg_Fix_alpha_pos-beta-exp_pos_
6,46,44.757098800365476,100244.0,0.0615227767854768,0.05,1.0,0.9919260612201396,0.5,3125658.970969688,,,-8.644551246373446,,LearningParams_Fit_alpha_neg-exp_neg_Fix_alpha_pos-beta-exp_pos_
7,23,44.75713837944255,100244.0,0.8796174988724405,0.05,1.0,0.6149604094137922,0.5,3085024.6983851967,,,-8.638171919706556,,LearningParams_Fit_alpha_neg-exp_neg_Fix_alpha_pos-beta-exp_pos_
8,7,44.75740618765709,100244.0,0.1570308335508549,0.05,1.0,0.34527454078057684,0.5,3054312.6671781,,,-8.636883917435808,,LearningParams_Fit_alpha_neg-exp_neg_Fix_alpha_pos-beta-exp_pos_
9,36,44.757697193566244,100244.0,0.6309235061031531,0.05,1.0,0.4939218371179769,0.5,2934177.2835118286,,,-8.61238783777969,,LearningParams_Fit_alpha_neg-exp_neg_Fix_alpha_pos-beta-exp_pos_
10,38,44.75779574032622,100244.0,0.6715294196943826,0.05,1.0,0.4876501923035509,0.5,2823171.010423195,,,-8.580353045707968,,LearningParams_Fit_alpha_neg-exp_neg_Fix_alpha_pos-beta-exp_pos_
11,16,44.757809617026645,100244.0,0.42787015616804,0.05,1.0,0.4800869292823443,0.5,2935954.5456506144,,,-8.613834809240354,,LearningParams_Fit_alpha_neg-exp_neg_Fix_alpha_pos-beta-exp_pos_
12,29,44.757844708792334,100244.0,0.6616447715077101,0.05,1.0,0.4057864955858647,0.5,2810958.6043807613,,,-8.577340612855629,,LearningParams_Fit_alpha_neg-exp_neg_Fix_alpha_pos-beta-exp_pos_
13,28,44.75788448948594,100244.0,0.900217455483527,0.05,1.0,0.6169671816002561,0.5,2746005.3870453546,,,-8.56570487255226,,LearningParams_Fit_alpha_neg-exp_neg_Fix_alpha_pos-beta-exp_pos_
14,13,44.757898433615864,100244.0,0.4019392819751357,0.05,1.0,0.6048614264184353,0.5,2805607.524077725,,,-8.583596695897093,,LearningParams_Fit_alpha_neg-exp_neg_Fix_alpha_pos-beta-exp_pos_
15,2,44.75795064302935,100244.0,0.4705884243757965,0.05,1.0,0.7690575317934871,0.5,2718520.11679056,,,-8.560572392006518,,LearningParams_Fit_alpha_neg-exp_neg_Fix_alpha_pos-beta-exp_pos_
16,40,44.758172954680134,100244.0,0.15381877638163333,0.05,1.0,0.8404858285962294,0.5,2636555.587185785,,,-8.542499060589194,,LearningParams_Fit_alpha_neg-exp_neg_Fix_alpha_pos-beta-exp_pos_
17,0,44.758259694898044,100244.0,0.286476913965848,0.05,1.0,0.8698411636783668,0.5,2731415.071946945,,,-8.568872403158167,,LearningParams_Fit_alpha_neg-exp_neg_Fix_alpha_pos-beta-exp_pos_
18,35,44.7586675337576,100244.0,0.16205707547283488,0.05,1.0,0.3343552754564352,0.5,2472415.83970614,,,-8.503947013131809,,LearningParams_Fit_alpha_neg-exp_neg_Fix_alpha_pos-beta-exp_pos_
19,10,44.75867729929895,100244.0,0.7295432549299221,0.05,1.0,0.9523220729252768,0.5,2566835.643181462,,,-8.530320252792851,,LearningParams_Fit_alpha_neg-exp_neg_Fix_alpha_pos-beta-exp_pos_
20,49,44.759347106131,100244.0,0.8139302701112879,0.05,1.0,0.7992937099839316,0.5,2285045.149804199,,,-8.456749370704259,,LearningParams_Fit_alpha_neg-exp_neg_Fix_alpha_pos-beta-exp_pos_
21,42,44.759406948775435,100244.0,0.6305460792683032,0.05,1.0,0.7929871971804072,0.5,2256442.027824009,,,-8.448564939725706,,LearningParams_Fit_alpha_neg-exp_neg_Fix_alpha_pos-beta-exp_pos_
22,33,44.759820916731655,100244.0,0.4968517749947781,0.05,1.0,0.4983127718107716,0.5,2134956.5602106284,,,-8.40588992168503,,LearningParams_Fit_alpha_neg-exp_neg_Fix_alpha_pos-beta-exp_pos_
23,25,44.75984373933712,100244.0,0.6339008482861557,0.05,1.0,0.4322403771724456,0.5,2258544.6209837818,,,-8.452899234410204,,LearningParams_Fit_alpha_neg-exp_neg_Fix_alpha_pos-beta-exp_pos_
24,37,44.760137623661855,100244.0,0.1670056517788272,0.05,1.0,0.9986385654952906,0.5,2131559.860674512,,,-8.416091973878252,,LearningParams_Fit_alpha_neg-exp_neg_Fix_alpha_pos-beta-exp_pos_
25,32,44.76021815593924,100244.0,0.4443769347747581,0.05,1.0,0.397746373572188,0.5,2020725.9850324409,,,-8.37995826758911,,LearningParams_Fit_alpha_neg-exp_neg_Fix_alpha_pos-beta-exp_pos_
26,27,44.76060761338333,100244.0,0.19594292798006172,0.05,1.0,0.5564365130664677,0.5,1967175.279335623,,,-8.365178232338806,,LearningParams_Fit_alpha_neg-exp_neg_Fix_alpha_pos-beta-exp_pos_
27,11,44.76087926560803,100244.0,0.03946985784940782,0.05,1.0,0.9499681491085016,0.5,1998401.997454251,,,-8.377716056347115,,LearningParams_Fit_alpha_neg-exp_neg_Fix_alpha_pos-beta-exp_pos_
28,45,44.76130008392831,100244.0,0.5371639767827108,0.05,1.0,0.5303439798494788,0.5,1730485.3005574131,,,-8.279630525070509,,LearningParams_Fit_alpha_neg-exp_neg_Fix_alpha_pos-beta-exp_pos_
29,4,44.76136695421605,100244.0,0.1698957657545026,0.05,1.0,0.4279772316301699,0.5,1721040.3273525164,,,-8.274916185643049,,LearningParams_Fit_alpha_neg-exp_neg_Fix_alpha_pos-beta-exp_pos_
30,43,44.76264170142971,100244.0,0.0860273231128087,0.05,1.0,0.582709371938325,0.5,1500568.9206460374,,,-8.194803946209229,,LearningParams_Fit_alpha_neg-exp_neg_Fix_alpha_pos-beta-exp_pos_
31,20,44.762816566894514,100244.0,0.5938345828130057,0.05,1.0,0.515774791676474,0.5,1452886.8404546091,,,-8.171048593931046,,LearningParams_Fit_alpha_neg-exp_neg_Fix_alpha_pos-beta-exp_pos_
32,9,44.763190531113274,100244.0,0.1438688347955428,0.05,1.0,0.7517876113179226,0.5,1406754.8584802502,,,-8.148478905435086,,LearningParams_Fit_alpha_neg-exp_neg_Fix_alpha_pos-beta-exp_pos_
33,31,44.763896480914745,100244.0,0.21206280115247267,0.05,1.0,0.28584926126180144,0.5,1299709.230701088,,,-8.104334154063466,,LearningParams_Fit_alpha_neg-exp_neg_Fix_alpha_pos-beta-exp_pos_
34,19,44.763983602561886,100244.0,0.18501466284211854,0.05,1.0,0.2521688953041749,0.5,1358688.8640079491,,,-8.137250105483105,,LearningParams_Fit_alpha_neg-exp_neg_Fix_alpha_pos-beta-exp_pos_
35,34,44.76463980549535,100244.0,0.9461389218903395,0.05,1.0,0.2624172027235592,0.5,1239340.3039133314,,,-8.078500299856827,,LearningParams_Fit_alpha_neg-exp_neg_Fix_alpha_pos-beta-exp_pos_
36,3,44.77098421141774,100244.0,0.6277316109515767,0.05,1.0,0.4311130529288343,0.5,706685.4372877383,,,-7.729994324544362,,LearningParams_Fit_alpha_neg-exp_neg_Fix_alpha_pos-beta-exp_pos_
37,41,44.77135135799985,100244.0,0.13270210504554125,0.05,1.0,0.7005819102975526,0.5,675892.7883544527,,,-7.694136279778206,,LearningParams_Fit_alpha_neg-exp_neg_Fix_alpha_pos-beta-exp_pos_
38,44,64.10109930174174,100244.0,0.8210547588176156,0.05,1.0,0.036430808056289836,0.5,-2.5322866604626285e-05,,,1.6280442331020368,,LearningParams_Fit_alpha_neg-exp_neg_Fix_alpha_pos-beta-exp_pos_
39,21,64.10109930174178,100244.0,0.2791038989908061,0.05,1.0,0.0937015700550392,0.5,-2.5322947713995692e-05,,,1.628043703787451,,LearningParams_Fit_alpha_neg-exp_neg_Fix_alpha_pos-beta-exp_pos_
40,6,64.10109930174178,100244.0,0.6643962174102389,0.05,1.0,0.10696761009498323,0.5,-2.5322905878734783e-05,,,1.6280439022817033,,LearningParams_Fit_alpha_neg-exp_neg_Fix_alpha_pos-beta-exp_pos_
41,8,64.10109930174178,100244.0,0.2889933092946413,0.05,1.0,0.13468622931700902,0.5,-2.532288123934484e-05,,,1.6280440951835258,,LearningParams_Fit_alpha_neg-exp_neg_Fix_alpha_pos-beta-exp_pos_
42,14,64.10109930174178,100244.0,0.9603728581303591,0.05,1.0,0.035859771930454976,0.5,-2.5322963997940147e-05,,,1.6280435437996807,,LearningParams_Fit_alpha_neg-exp_neg_Fix_alpha_pos-beta-exp_pos_
43,22,64.10109930174181,100244.0,0.9338317963609706,0.05,1.0,0.07386166153038687,0.5,-2.532291539628381e-05,,,1.6280439289381028,,LearningParams_Fit_alpha_neg-exp_neg_Fix_alpha_pos-beta-exp_pos_
44,5,64.10109930174181,100244.0,0.17124716755187608,0.05,1.0,0.04319318795889049,0.5,-2.5322861294093852e-05,,,1.6280442219252245,,LearningParams_Fit_alpha_neg-exp_neg_Fix_alpha_pos-beta-exp_pos_
45,47,64.10109930174187,100244.0,0.07964257138047237,0.05,1.0,0.08842331554032579,0.5,-2.532283725373485e-05,,,1.6280443897833856,,LearningParams_Fit_alpha_neg-exp_neg_Fix_alpha_pos-beta-exp_pos_
46,15,64.10109930174188,100244.0,0.012592859130093559,0.05,1.0,0.04748151500231312,0.5,-2.532289753219843e-05,,,1.6280440768668107,,LearningParams_Fit_alpha_neg-exp_neg_Fix_alpha_pos-beta-exp_pos_
47,24,64.1010993017419,100244.0,0.8481735306899061,0.05,1.0,0.17237567149531774,0.5,-2.532288755442176e-05,,,1.6280440038356838,,LearningParams_Fit_alpha_neg-exp_neg_Fix_alpha_pos-beta-exp_pos_
48,18,64.10109930174202,100244.0,0.4615113292336962,0.05,1.0,0.12593013575777112,0.5,-2.5322960286270934e-05,,,1.6280436554598463,,LearningParams_Fit_alpha_neg-exp_neg_Fix_alpha_pos-beta-exp_pos_
49,12,64.10109930174204,100244.0,0.8159516886256987,0.05,1.0,0.05585763021184653,0.5,-2.5322794804356115e-05,,,1.6280446791555776,,LearningParams_Fit_alpha_neg-exp_neg_Fix_alpha_pos-beta-exp_pos_
0,10,87.31903428352098,100068.0,0.33658577199120243,0.05,1.0,0.8732008643158103,0.5,0.3074020473416558,,,0.10270064862191296,,LearningParams_Fit_alpha_neg-exp_neg_Fix_alpha_pos-beta-exp_pos_
1,25,87.31903428352167,100068.0,0.3160766628228584,0.05,1.0,0.09816323704992493,0.5,0.30740242977376003,,,0.10270031820880687,,LearningParams_Fit_alpha_neg-exp_neg_Fix_alpha_pos-beta-exp_pos_
2,1,87.31903428352189,100068.0,0.503076019482347,0.05,1.0,0.3714257897899809,0.5,0.3074019966293473,,,0.1027007544071585,,LearningParams_Fit_alpha_neg-exp_neg_Fix_alpha_pos-beta-exp_pos_
3,40,87.31903428352224,100068.0,0.6190755535536234,0.05,1.0,0.4831419805905991,0.5,0.3074024182357724,,,0.10270030243530956,,LearningParams_Fit_alpha_neg-exp_neg_Fix_alpha_pos-beta-exp_pos_
4,9,87.31903428352335,100068.0,0.9726181308158888,0.05,1.0,0.2100087000271793,0.5,0.3074019832634195,,,0.1027007838093756,,LearningParams_Fit_alpha_neg-exp_neg_Fix_alpha_pos-beta-exp_pos_
5,49,87.31903428352369,100068.0,0.22109835082444693,0.05,1.0,0.5513599111653017,0.5,0.30740225130620696,,,0.10270062154226922,,LearningParams_Fit_alpha_neg-exp_neg_Fix_alpha_pos-beta-exp_pos_
6,47,87.31903428352398,100068.0,0.9705012357907666,0.05,1.0,0.09693888289369246,0.5,0.3074024561456856,,,0.102700298753665,,LearningParams_Fit_alpha_neg-exp_neg_Fix_alpha_pos-beta-exp_pos_
7,6,87.31903428352608,100068.0,0.09262311545415836,0.05,1.0,0.059388055065984324,0.5,0.30740246838101104,,,0.10270026499952296,,LearningParams_Fit_alpha_neg-exp_neg_Fix_alpha_pos-beta-exp_pos_
8,42,87.31903428352763,100068.0,0.9312617560037411,0.05,1.0,0.11343337004095275,0.5,0.3074023350342533,,,0.10270054620442608,,LearningParams_Fit_alpha_neg-exp_neg_Fix_alpha_pos-beta-exp_pos_
9,8,87.31903428352774,100068.0,0.663992459597477,0.05,1.0,0.41309988929015706,0.5,0.3074023407345058,,,0.10270030654999232,,LearningParams_Fit_alpha_neg-exp_neg_Fix_alpha_pos-beta-exp_pos_
10,38,87.31903428352804,100068.0,0.06212539341185708,0.05,1.0,0.7834122129141344,0.5,0.3074020775830204,,,0.1027005614001356,,LearningParams_Fit_alpha_neg-exp_neg_Fix_alpha_pos-beta-exp_pos_
11,36,87.31903428352837,100068.0,0.6562497428927099,0.05,1.0,0.8442414853205495,0.5,0.3074019921570351,,,0.10270084008969692,,LearningParams_Fit_alpha_neg-exp_neg_Fix_alpha_pos-beta-exp_pos_
12,7,87.31903428353078,100068.0,0.04571820256069925,0.05,1.0,0.7418837345435229,0.5,0.30740235026274715,,,0.10270028526993884,,LearningParams_Fit_alpha_neg-exp_neg_Fix_alpha_pos-beta-exp_pos_
13,18,87.31903428353108,100068.0,0.3769510555598025,0.05,1.0,0.8453302682564796,0.5,0.3074025101849981,,,0.1027002239765571,,LearningParams_Fit_alpha_neg-exp_neg_Fix_alpha_pos-beta-exp_pos_
14,5,87.31903428353365,100068.0,0.2128684576491625,0.05,1.0,0.9976011593689512,0.5,0.3074024005319158,,,0.10270023910909218,,LearningParams_Fit_alpha_neg-exp_neg_Fix_alpha_pos-beta-exp_pos_
15,15,87.31903428353378,100068.0,0.9934150093718316,0.05,1.0,0.9897422823331232,0.5,0.3074023616736499,,,0.10270026513378036,,LearningParams_Fit_alpha_neg-exp_neg_Fix_alpha_pos-beta-exp_pos_
16,30,87.31903428353627,100068.0,0.044051965395651926,0.05,1.0,0.8812135572071302,0.5,0.30740206313418905,,,0.10270054539287836,,LearningParams_Fit_alpha_neg-exp_neg_Fix_alpha_pos-beta-exp_pos_
17,3,87.31903428353645,100068.0,0.39002275671819175,0.05,1.0,0.39852406965176623,0.5,0.3074020250597918,,,0.1027008628612948,,LearningParams_Fit_alpha_neg-exp_neg_Fix_alpha_pos-beta-exp_pos_
18,27,87.31903428353901,100068.0,0.4857180493738224,0.05,1.0,0.589031531344803,0.5,0.3074023638284062,,,0.10270055752619137,,LearningParams_Fit_alpha_neg-exp_neg_Fix_alpha_pos-beta-exp_pos_
19,12,87.31903428353905,100068.0,0.5244408734795435,0.05,1.0,0.9151659542916496,0.5,0.3074019285409513,,,0.10270071713654216,,LearningParams_Fit_alpha_neg-exp_neg_Fix_alpha_pos-beta-exp_pos_
20,45,87.31903428354212,100068.0,0.29049133994175397,0.05,1.0,0.052574601646963585,0.5,0.3074025932533957,,,0.10270020588871293,,LearningParams_Fit_alpha_neg-exp_neg_Fix_alpha_pos-beta-exp_pos_
21,2,87.31903428354366,100068.0,0.9601112401654526,0.05,1.0,0.7704472232211503,0.5,0.3074020373879908,,,0.10270055085605737,,LearningParams_Fit_alpha_neg-exp_neg_Fix_alpha_pos-beta-exp_pos_
22,37,87.31903428354485,100068.0,0.5350353059825464,0.05,1.0,0.2354317916588231,0.5,0.30740233260773764,,,0.1027006112139568,,LearningParams_Fit_alpha_neg-exp_neg_Fix_alpha_pos-beta-exp_pos_
23,28,87.31903428354548,100068.0,0.5388542384650139,0.05,1.0,0.24758659636969196,0.5,0.3074019714129021,,,0.10270062815314533,,LearningParams_Fit_alpha_neg-exp_neg_Fix_alpha_pos-beta-exp_pos_
24,23,87.31903428354606,100068.0,0.7983426158896997,0.05,1.0,0.8073212213565754,0.5,0.30740261815225645,,,0.10270012848746364,,LearningParams_Fit_alpha_neg-exp_neg_Fix_alpha_pos-beta-exp_pos_
25,24,87.31903428354751,100068.0,0.2994649095255546,0.05,1.0,0.4348386475916117,0.5,0.3074022445762757,,,0.1027003200521232,,LearningParams_Fit_alpha_neg-exp_neg_Fix_alpha_pos-beta-exp_pos_
26,11,87.3190342835509,100068.0,0.2699133704055523,0.05,1.0,0.5312210058339311,0.5,0.3074023956839253,,,0.10270018320526086,,LearningParams_Fit_alpha_neg-exp_neg_Fix_alpha_pos-beta-exp_pos_
27,4,87.3190342835521,100068.0,0.579299180254442,0.05,1.0,0.5880812492806362,0.5,0.3074023219440548,,,0.10270064373546536,,LearningParams_Fit_alpha_neg-exp_neg_Fix_alpha_pos-beta-exp_pos_
28,43,87.31903428355245,100068.0,0.2775166539263004,0.05,1.0,0.22178727602716208,0.5,0.3074023847388745,,,0.10270018700384087,,LearningParams_Fit_alpha_neg-exp_neg_Fix_alpha_pos-beta-exp_pos_
29,32,87.3190342835543,100068.0,0.4886818952077164,0.05,1.0,0.34674560572548263,0.5,0.30740233727683336,,,0.1027002199781928,,LearningParams_Fit_alpha_neg-exp_neg_Fix_alpha_pos-beta-exp_pos_
30,26,87.31903428355731,100068.0,0.3167574172819727,0.05,1.0,0.15349560025088194,0.5,0.3074025025231924,,,0.10270044236354756,,LearningParams_Fit_alpha_neg-exp_neg_Fix_alpha_pos-beta-exp_pos_
31,46,87.31903428355808,100068.0,0.3103850727848083,0.05,1.0,0.7547446843394229,0.5,0.3074017694629225,,,0.1027009016030063,,LearningParams_Fit_alpha_neg-exp_neg_Fix_alpha_pos-beta-exp_pos_
32,35,87.31903428355837,100068.0,0.13881224579523044,0.05,1.0,0.3709834760670225,0.5,0.3074019362068623,,,0.10270099384473937,,LearningParams_Fit_alpha_neg-exp_neg_Fix_alpha_pos-beta-exp_pos_
33,41,87.31903428355923,100068.0,0.5643585201701301,0.05,1.0,0.8463758305294836,0.5,0.3074021891874722,,,0.10270079519324808,,LearningParams_Fit_alpha_neg-exp_neg_Fix_alpha_pos-beta-exp_pos_
34,39,87.31903428356146,100068.0,0.2347193402397349,0.05,1.0,0.2368326788713745,0.5,0.30740173785876085,,,0.1027009558041594,,LearningParams_Fit_alpha_neg-exp_neg_Fix_alpha_pos-beta-exp_pos_
35,14,87.3190342835684,100068.0,0.658442622784639,0.05,1.0,0.9892609987345228,0.5,0.3074026561553305,,,0.10270025137834618,,LearningParams_Fit_alpha_neg-exp_neg_Fix_alpha_pos-beta-exp_pos_
36,13,87.31903428356924,100068.0,0.5774440275410893,0.05,1.0,0.7721993927829262,0.5,0.3074021510352709,,,0.10270085329272596,,LearningParams_Fit_alpha_neg-exp_neg_Fix_alpha_pos-beta-exp_pos_
37,17,87.3190342835718,100068.0,0.5294214011936971,0.05,1.0,0.3252356053959844,0.5,0.30740243767173303,,,0.10270009755664564,,LearningParams_Fit_alpha_neg-exp_neg_Fix_alpha_pos-beta-exp_pos_
38,22,87.31903428357424,100068.0,0.3843412400679681,0.05,1.0,0.9729325117924278,0.5,0.3074023191384172,,,0.10270018881986163,,LearningParams_Fit_alpha_neg-exp_neg_Fix_alpha_pos-beta-exp_pos_
39,33,87.31903428364257,100068.0,0.4442519541103562,0.05,1.0,0.2784075997143022,0.5,0.3074015483120274,,,0.10270139080407742,,LearningParams_Fit_alpha_neg-exp_neg_Fix_alpha_pos-beta-exp_pos_
40,19,87.31903428367514,100068.0,0.9799352918976049,0.05,1.0,0.5534149987453921,0.5,0.3074024733265892,,,0.10269989304980738,,LearningParams_Fit_alpha_neg-exp_neg_Fix_alpha_pos-beta-exp_pos_
41,21,105.7523631025239,100068.0,0.8269688670360251,0.05,1.0,0.5013155448638176,0.5,0.8890669248297034,,,-0.26874507507941753,,LearningParams_Fit_alpha_neg-exp_neg_Fix_alpha_pos-beta-exp_pos_
42,16,105.75236310255265,100068.0,0.7963080914802817,0.05,1.0,0.3178273860943772,0.5,0.8890669462408801,,,-0.2687450983215848,,LearningParams_Fit_alpha_neg-exp_neg_Fix_alpha_pos-beta-exp_pos_
43,31,105.7523631025712,100068.0,0.8952049553920814,0.05,1.0,0.8595606342978245,0.5,0.8890675782151538,,,-0.2687457646785137,,LearningParams_Fit_alpha_neg-exp_neg_Fix_alpha_pos-beta-exp_pos_
44,44,105.75236310258072,100068.0,0.97383030880399,0.05,1.0,0.852242728227696,0.5,0.8890674915902629,,,-0.2687456740327589,,LearningParams_Fit_alpha_neg-exp_neg_Fix_alpha_pos-beta-exp_pos_
45,48,110.86865583925949,100068.0,0.8289441924711268,0.05,1.0,0.37166709256502495,0.5,1.105093747175713,,,-0.3606444233128399,,LearningParams_Fit_alpha_neg-exp_neg_Fix_alpha_pos-beta-exp_pos_
46,20,110.86865583927259,100068.0,0.9983702935648816,0.05,1.0,0.5980415422750414,0.5,1.1050934050643773,,,-0.36064414093944697,,LearningParams_Fit_alpha_neg-exp_neg_Fix_alpha_pos-beta-exp_pos_
47,0,110.86865583927558,100068.0,0.9358019126783956,0.05,1.0,0.3546988087917359,0.5,1.1050934176928942,,,-0.3606441517430484,,LearningParams_Fit_alpha_neg-exp_neg_Fix_alpha_pos-beta-exp_pos_
48,34,110.86865583927894,100068.0,0.9997101425462188,0.05,1.0,0.3658645553809337,0.5,1.1050936866300778,,,-0.36064437201980615,,LearningParams_Fit_alpha_neg-exp_neg_Fix_alpha_pos-beta-exp_pos_
49,29,110.86968792396759,100068.0,0.9183226721433729,0.05,1.0,0.6915354658425215,0.5,1.1076553876018311,,,-0.3627514915805678,,LearningParams_Fit_alpha_neg-exp_neg_Fix_alpha_pos-beta-exp_pos_
0,39,127.55062798534,200199.0,0.5089938735688473,0.05,1.0,0.5134438692405151,0.5,0.3486962480246907,,,-0.2731921602785511,,LearningParams_Fit_alpha_neg-exp_neg_Fix_alpha_pos-beta-exp_pos_
1,41,127.55062798534115,200199.0,0.8415212611252179,0.05,1.0,0.12562672290283727,0.5,0.34869618878540465,,,-0.27319221347485456,,LearningParams_Fit_alpha_neg-exp_neg_Fix_alpha_pos-beta-exp_pos_
2,10,127.55062798534156,200199.0,0.2463488439286935,0.05,1.0,0.9024990682565134,0.5,0.3486962965377849,,,-0.27319213874458304,,LearningParams_Fit_alpha_neg-exp_neg_Fix_alpha_pos-beta-exp_pos_
3,22,127.55062798534271,200199.0,0.6038614790869832,0.05,1.0,0.21967330596654155,0.5,0.34869631726187456,,,-0.27319213458003605,,LearningParams_Fit_alpha_neg-exp_neg_Fix_alpha_pos-beta-exp_pos_
4,40,127.5506279853433,200199.0,0.9839584393386102,0.05,1.0,0.7446700252387344,0.5,0.3486960600285496,,,-0.2731919651000356,,LearningParams_Fit_alpha_neg-exp_neg_Fix_alpha_pos-beta-exp_pos_
5,0,127.55062798534374,200199.0,0.7725271215916248,0.05,1.0,0.488924241329725,0.5,0.34869604513463165,,,-0.27319195669191554,,LearningParams_Fit_alpha_neg-exp_neg_Fix_alpha_pos-beta-exp_pos_
6,12,127.55062798534408,200199.0,0.5185304299325252,0.05,1.0,0.07540312431399565,0.5,0.3486960403583674,,,-0.2731920096618169,,LearningParams_Fit_alpha_neg-exp_neg_Fix_alpha_pos-beta-exp_pos_
7,27,127.55062798534426,200199.0,0.422819655145418,0.05,1.0,0.6129240482909439,0.5,0.3486960319156957,,,-0.2731919386754929,,LearningParams_Fit_alpha_neg-exp_neg_Fix_alpha_pos-beta-exp_pos_
8,42,127.55062798534443,200199.0,0.188666109809818,0.05,1.0,0.3767715574129715,0.5,0.3486960702553287,,,-0.2731921111918595,,LearningParams_Fit_alpha_neg-exp_neg_Fix_alpha_pos-beta-exp_pos_
9,38,127.55062798534445,200199.0,0.7237470868814174,0.05,1.0,0.3745772373170322,0.5,0.3486963051952473,,,-0.27319244129897885,,LearningParams_Fit_alpha_neg-exp_neg_Fix_alpha_pos-beta-exp_pos_
10,14,127.55062798534462,200199.0,0.9698837858331236,0.05,1.0,0.3499876286827193,0.5,0.3486964087981499,,,-0.27319252938914984,,LearningParams_Fit_alpha_neg-exp_neg_Fix_alpha_pos-beta-exp_pos_
11,1,127.55062798534478,200199.0,0.4647249094078337,0.05,1.0,0.6155998291977098,0.5,0.3486965345639552,,,-0.2731924939917657,,LearningParams_Fit_alpha_neg-exp_neg_Fix_alpha_pos-beta-exp_pos_
12,44,127.55062798534478,200199.0,0.4037003124270249,0.05,1.0,0.7287266224054039,0.5,0.3486961570390209,,,-0.2731922666764157,,LearningParams_Fit_alpha_neg-exp_neg_Fix_alpha_pos-beta-exp_pos_
13,35,127.55062798534479,200199.0,0.24457019801124305,0.05,1.0,0.5093330314683504,0.5,0.34869607032893396,,,-0.2731918926585487,,LearningParams_Fit_alpha_neg-exp_neg_Fix_alpha_pos-beta-exp_pos_
14,28,127.55062798534493,200199.0,0.08776302892292565,0.05,1.0,0.22006014264336304,0.5,0.34869642267132794,,,-0.2731922305418799,,LearningParams_Fit_alpha_neg-exp_neg_Fix_alpha_pos-beta-exp_pos_
15,2,127.55062798534536,200199.0,0.6979762452424042,0.05,1.0,0.7813662195272014,0.5,0.3486962724962135,,,-0.2731924231120569,,LearningParams_Fit_alpha_neg-exp_neg_Fix_alpha_pos-beta-exp_pos_
16,24,127.55062798534551,200199.0,0.6334448923270062,0.05,1.0,0.18293620238279296,0.5,0.34869635729034665,,,-0.2731925096871338,,LearningParams_Fit_alpha_neg-exp_neg_Fix_alpha_pos-beta-exp_pos_
17,29,127.55062798534577,200199.0,0.5553566538784849,0.05,1.0,0.8590461975353152,0.5,0.3486964655682234,,,-0.27319258825451953,,LearningParams_Fit_alpha_neg-exp_neg_Fix_alpha_pos-beta-exp_pos_
18,49,127.550627985346,200199.0,0.5133124446941885,0.05,1.0,0.04878150619698307,0.5,0.3486965255652057,,,-0.2731923966429839,,LearningParams_Fit_alpha_neg-exp_neg_Fix_alpha_pos-beta-exp_pos_
19,32,127.55062798534605,200199.0,0.8597970894539401,0.05,1.0,0.17986399839101408,0.5,0.3486960138976798,,,-0.2731920322120499,,LearningParams_Fit_alpha_neg-exp_neg_Fix_alpha_pos-beta-exp_pos_
20,16,127.55062798534617,200199.0,0.2396788193785584,0.05,1.0,0.4139224845128248,0.5,0.3486964340714289,,,-0.2731925789418624,,LearningParams_Fit_alpha_neg-exp_neg_Fix_alpha_pos-beta-exp_pos_
21,37,127.55062798534641,200199.0,0.5347006934836145,0.05,1.0,0.8272746637831137,0.5,0.3486960181333686,,,-0.273191841168045,,LearningParams_Fit_alpha_neg-exp_neg_Fix_alpha_pos-beta-exp_pos_
22,21,127.55062798534651,200199.0,0.9205181015722024,0.05,1.0,0.5541954588297661,0.5,0.3486965406291472,,,-0.27319261775202863,,LearningParams_Fit_alpha_neg-exp_neg_Fix_alpha_pos-beta-exp_pos_
23,20,127.55062798534672,200199.0,0.780105418618356,0.05,1.0,0.6530009666948818,0.5,0.3486963459010234,,,-0.2731925194026387,,LearningParams_Fit_alpha_neg-exp_neg_Fix_alpha_pos-beta-exp_pos_
24,26,127.5506279853471,200199.0,0.2239216079009706,0.05,1.0,0.06394843063788637,0.5,0.3486959638933711,,,-0.2731919065876477,,LearningParams_Fit_alpha_neg-exp_neg_Fix_alpha_pos-beta-exp_pos_
25,46,127.55062798534719,200199.0,0.8069252625407892,0.05,1.0,0.12120188259386523,0.5,0.3486961560753626,,,-0.27319230850928017,,LearningParams_Fit_alpha_neg-exp_neg_Fix_alpha_pos-beta-exp_pos_
26,25,127.55062798534723,200199.0,0.8863314634461588,0.05,1.0,0.8023177426777222,0.5,0.34869656885975425,,,-0.2731924650737401,,LearningParams_Fit_alpha_neg-exp_neg_Fix_alpha_pos-beta-exp_pos_
27,19,127.55062798534728,200199.0,0.21246395744380708,0.05,1.0,0.6400754467551593,0.5,0.34869596435576017,,,-0.2731919289288391,,LearningParams_Fit_alpha_neg-exp_neg_Fix_alpha_pos-beta-exp_pos_
28,4,127.5506279853474,200199.0,0.1465951447865088,0.05,1.0,0.970414414293778,0.5,0.3486965813846247,,,-0.27319250071940365,,LearningParams_Fit_alpha_neg-exp_neg_Fix_alpha_pos-beta-exp_pos_
29,43,127.5506279853487,200199.0,0.866163793735967,0.05,1.0,0.8609014755770376,0.5,0.34869638955402305,,,-0.273192586905168,,LearningParams_Fit_alpha_neg-exp_neg_Fix_alpha_pos-beta-exp_pos_
30,11,127.55062798534917,200199.0,0.4160146183446389,0.05,1.0,0.7067159521785186,0.5,0.3486964571605089,,,-0.2731926458304152,,LearningParams_Fit_alpha_neg-exp_neg_Fix_alpha_pos-beta-exp_pos_
31,8,127.55062798534935,200199.0,0.6402387093322466,0.05,1.0,0.7942083905388918,0.5,0.3486960696271585,,,-0.27319221476094663,,LearningParams_Fit_alpha_neg-exp_neg_Fix_alpha_pos-beta-exp_pos_
32,31,127.55062798534945,200199.0,0.2993009540119841,0.05,1.0,0.3780592507926108,0.5,0.3486961235049524,,,-0.2731922983875537,,LearningParams_Fit_alpha_neg-exp_neg_Fix_alpha_pos-beta-exp_pos_
33,5,127.55062798534958,200199.0,0.6613052523979809,0.05,1.0,0.4576030495687502,0.5,0.3486963427797673,,,-0.2731925576655898,,LearningParams_Fit_alpha_neg-exp_neg_Fix_alpha_pos-beta-exp_pos_
34,45,127.55062798535013,200199.0,0.3150561882749489,0.05,1.0,0.14285751465844942,0.5,0.3486959982022393,,,-0.273192106177103,,LearningParams_Fit_alpha_neg-exp_neg_Fix_alpha_pos-beta-exp_pos_
35,18,127.5506279853504,200199.0,0.9391490603821184,0.05,1.0,0.7860062238569364,0.5,0.34869665404612593,,,-0.2731926406189015,,LearningParams_Fit_alpha_neg-exp_neg_Fix_alpha_pos-beta-exp_pos_
36,23,127.55062798535043,200199.0,0.07325048773428766,0.05,1.0,0.7654404985522063,0.5,0.3486959070972577,,,-0.2731918799766807,,LearningParams_Fit_alpha_neg-exp_neg_Fix_alpha_pos-beta-exp_pos_
37,13,127.55062798535093,200199.0,0.4850107760774622,0.05,1.0,0.5564597385774231,0.5,0.34869640763540355,,,-0.2731921132969353,,LearningParams_Fit_alpha_neg-exp_neg_Fix_alpha_pos-beta-exp_pos_
38,9,127.55062798535127,200199.0,0.33064633726413284,0.05,1.0,0.8603868578044369,0.5,0.3486960321250134,,,-0.27319218291640296,,LearningParams_Fit_alpha_neg-exp_neg_Fix_alpha_pos-beta-exp_pos_
39,6,127.55062798535192,200199.0,0.2544851372434224,0.05,1.0,0.023624071942744296,0.5,0.3486959875518525,,,-0.2731921155802133,,LearningParams_Fit_alpha_neg-exp_neg_Fix_alpha_pos-beta-exp_pos_
40,15,127.55062798535215,200199.0,0.6753925892951682,0.05,1.0,0.6002451536476077,0.5,0.3486960048071076,,,-0.2731921514227296,,LearningParams_Fit_alpha_neg-exp_neg_Fix_alpha_pos-beta-exp_pos_
41,36,127.55062798535437,200199.0,0.3958210158731137,0.05,1.0,0.445127973969905,0.5,0.3486962742559497,,,-0.2731919125383597,,LearningParams_Fit_alpha_neg-exp_neg_Fix_alpha_pos-beta-exp_pos_
42,47,127.55062798535472,200199.0,0.44283427004959774,0.05,1.0,0.7397031013265422,0.5,0.3486965581586437,,,-0.2731922899528025,,LearningParams_Fit_alpha_neg-exp_neg_Fix_alpha_pos-beta-exp_pos_
43,34,127.550627985357,200199.0,0.5369516696795729,0.05,1.0,0.7078742237501738,0.5,0.3486962867340348,,,-0.27319258503519284,,LearningParams_Fit_alpha_neg-exp_neg_Fix_alpha_pos-beta-exp_pos_
44,3,127.55062798535731,200199.0,0.8465168898683834,0.05,1.0,0.6249049575441412,0.5,0.348696615433034,,,-0.2731923533207221,,LearningParams_Fit_alpha_neg-exp_neg_Fix_alpha_pos-beta-exp_pos_
45,7,127.55062798536026,200199.0,0.1808671280924584,0.05,1.0,0.6769020434336515,0.5,0.3486962535395089,,,-0.2731918315250709,,LearningParams_Fit_alpha_neg-exp_neg_Fix_alpha_pos-beta-exp_pos_
46,33,127.55062798536035,200199.0,0.8655706706804722,0.05,1.0,0.7407379249037822,0.5,0.34869598043103245,,,-0.2731915986738986,,LearningParams_Fit_alpha_neg-exp_neg_Fix_alpha_pos-beta-exp_pos_
47,30,127.55062798536275,200199.0,0.5744490929838412,0.05,1.0,0.9278928718626271,0.5,0.34869679200618897,,,-0.273192650203285,,LearningParams_Fit_alpha_neg-exp_neg_Fix_alpha_pos-beta-exp_pos_
48,17,127.55062798536402,200199.0,0.06581185597217576,0.05,1.0,0.26164850279021495,0.5,0.3486967073220314,,,-0.2731924362260206,,LearningParams_Fit_alpha_neg-exp_neg_Fix_alpha_pos-beta-exp_pos_
49,48,127.55062798540204,200199.0,0.20906722260536792,0.05,1.0,0.2816764509642101,0.5,0.3486957619858914,,,-0.27319220704816993,,LearningParams_Fit_alpha_neg-exp_neg_Fix_alpha_pos-beta-exp_pos_
0,12,114.89159267420996,100104.0,0.5043491144947915,0.05,1.0,0.4223665756228133,0.5,0.1679795356365522,,,0.2417532327159179,,LearningParams_Fit_alpha_neg-exp_neg_Fix_alpha_pos-beta-exp_pos_
1,4,114.89159267421199,100104.0,0.4798914593054898,0.05,1.0,0.21335629221543007,0.5,0.16797953524619114,,,0.2417532779457711,,LearningParams_Fit_alpha_neg-exp_neg_Fix_alpha_pos-beta-exp_pos_
2,20,114.89159267421402,100104.0,0.06232782848722417,0.05,1.0,0.2816198838398213,0.5,0.16797957342390074,,,0.2417532904746037,,LearningParams_Fit_alpha_neg-exp_neg_Fix_alpha_pos-beta-exp_pos_
3,32,114.89159267421422,100104.0,0.8538613414336378,0.05,1.0,0.8980433546937809,0.5,0.16797985051810366,,,0.24175277289712596,,LearningParams_Fit_alpha_neg-exp_neg_Fix_alpha_pos-beta-exp_pos_
4,1,114.89159267421446,100104.0,0.6450198814623213,0.05,1.0,0.32168980585790297,0.5,0.16797951259803032,,,0.2417532234478511,,LearningParams_Fit_alpha_neg-exp_neg_Fix_alpha_pos-beta-exp_pos_
5,29,114.89159267421499,100104.0,0.425350013248082,0.05,1.0,0.3205702023286159,0.5,0.16797983949116174,,,0.2417527460773202,,LearningParams_Fit_alpha_neg-exp_neg_Fix_alpha_pos-beta-exp_pos_
6,0,114.89159267421608,100104.0,0.7349898011600285,0.05,1.0,0.2187888763011364,0.5,0.16797950809800755,,,0.241753300232334,,LearningParams_Fit_alpha_neg-exp_neg_Fix_alpha_pos-beta-exp_pos_
7,43,114.89159267421745,100104.0,0.014463831012739068,0.05,1.0,0.6063145745412867,0.5,0.1679798389363273,,,0.2417529116219816,,LearningParams_Fit_alpha_neg-exp_neg_Fix_alpha_pos-beta-exp_pos_
8,23,114.89159267421907,100104.0,0.8199892826881318,0.05,1.0,0.4781520849561358,0.5,0.1679794908565299,,,0.2417533116557613,,LearningParams_Fit_alpha_neg-exp_neg_Fix_alpha_pos-beta-exp_pos_
9,7,114.89159267422022,100104.0,0.4102072468172714,0.05,1.0,0.6538602205803968,0.5,0.16797984513356715,,,0.2417527030557075,,LearningParams_Fit_alpha_neg-exp_neg_Fix_alpha_pos-beta-exp_pos_
10,22,114.89159267422113,100104.0,0.36158508756081664,0.05,1.0,0.2497154503871261,0.5,0.167979517967824,,,0.2417531351039107,,LearningParams_Fit_alpha_neg-exp_neg_Fix_alpha_pos-beta-exp_pos_
11,44,114.89159267422508,100104.0,0.4402828676404409,0.05,1.0,0.907842177460814,0.5,0.16797977020705507,,,0.2417527243412409,,LearningParams_Fit_alpha_neg-exp_neg_Fix_alpha_pos-beta-exp_pos_
12,25,114.8915926742257,100104.0,0.9293823502001476,0.05,1.0,0.4981783571653932,0.5,0.16797945977139062,,,0.2417533354143529,,LearningParams_Fit_alpha_neg-exp_neg_Fix_alpha_pos-beta-exp_pos_
13,5,114.8915926742289,100104.0,0.05537612605874143,0.05,1.0,0.20431660354159087,0.5,0.1679798499978159,,,0.2417526519856311,,LearningParams_Fit_alpha_neg-exp_neg_Fix_alpha_pos-beta-exp_pos_
14,3,114.89159267422896,100104.0,0.14199646198214322,0.05,1.0,0.960290438961266,0.5,0.16797988229840516,,,0.2417526471725044,,LearningParams_Fit_alpha_neg-exp_neg_Fix_alpha_pos-beta-exp_pos_
15,30,114.89159267422968,100104.0,0.0457219460299505,0.05,1.0,0.2601264748976614,0.5,0.1679796852043814,,,0.2417528048579629,,LearningParams_Fit_alpha_neg-exp_neg_Fix_alpha_pos-beta-exp_pos_
16,47,114.89159267423284,100104.0,0.3357902861589748,0.05,1.0,0.3138377272213664,0.5,0.1679799102209153,,,0.24175281517820474,,LearningParams_Fit_alpha_neg-exp_neg_Fix_alpha_pos-beta-exp_pos_
17,19,114.8915926742342,100104.0,0.6916504936135027,0.05,1.0,0.5380922359798754,0.5,0.16797976403116432,,,0.2417531367198485,,LearningParams_Fit_alpha_neg-exp_neg_Fix_alpha_pos-beta-exp_pos_
18,26,114.89159267423464,100104.0,0.3788706454537143,0.05,1.0,0.9951041441283259,0.5,0.16797991019317046,,,0.241752828733393,,LearningParams_Fit_alpha_neg-exp_neg_Fix_alpha_pos-beta-exp_pos_
19,2,114.891592674235,100104.0,0.05656027796038576,0.05,1.0,0.2258285215623006,0.5,0.1679795287065787,,,0.2417534188108679,,LearningParams_Fit_alpha_neg-exp_neg_Fix_alpha_pos-beta-exp_pos_
20,31,114.89159267423685,100104.0,0.3284853231662004,0.05,1.0,0.5767245630656255,0.5,0.16797958824522555,,,0.2417533758521067,,LearningParams_Fit_alpha_neg-exp_neg_Fix_alpha_pos-beta-exp_pos_
21,8,114.8915926742373,100104.0,0.313998669036326,0.05,1.0,0.997598273812946,0.5,0.1679799444924853,,,0.241752642092883,,LearningParams_Fit_alpha_neg-exp_neg_Fix_alpha_pos-beta-exp_pos_
22,39,114.89159267423905,100104.0,0.13435158639691402,0.05,1.0,0.33525134429908043,0.5,0.1679798722700308,,,0.24175259752285236,,LearningParams_Fit_alpha_neg-exp_neg_Fix_alpha_pos-beta-exp_pos_
23,9,114.89159267424364,100104.0,0.6071353658715632,0.05,1.0,0.996834373363609,0.5,0.16797958427649973,,,0.2417529119637529,,LearningParams_Fit_alpha_neg-exp_neg_Fix_alpha_pos-beta-exp_pos_
24,24,114.8915926742438,100104.0,0.05811586588824591,0.05,1.0,0.960715593469972,0.5,0.16797988604408026,,,0.2417529376758905,,LearningParams_Fit_alpha_neg-exp_neg_Fix_alpha_pos-beta-exp_pos_
25,27,114.89159267424746,100104.0,0.3799697949243885,0.05,1.0,0.8778535855295934,0.5,0.1679793868656299,,,0.2417534439578411,,LearningParams_Fit_alpha_neg-exp_neg_Fix_alpha_pos-beta-exp_pos_
26,16,114.89159267424951,100104.0,0.5861068857798559,0.05,1.0,0.5114902943451786,0.5,0.1679798073231592,,,0.2417531114885018,,LearningParams_Fit_alpha_neg-exp_neg_Fix_alpha_pos-beta-exp_pos_
27,46,114.8915926742497,100104.0,0.9936889098695286,0.05,1.0,0.2014151346152592,0.5,0.16797997906830608,,,0.2417525743626445,,LearningParams_Fit_alpha_neg-exp_neg_Fix_alpha_pos-beta-exp_pos_
28,10,114.89159267425134,100104.0,0.2195457361554891,0.05,1.0,0.2081491808009831,0.5,0.16797961102918574,,,0.24175284722296156,,LearningParams_Fit_alpha_neg-exp_neg_Fix_alpha_pos-beta-exp_pos_
29,41,114.89159267425235,100104.0,0.290503721104569,0.05,1.0,0.5018214667014027,0.5,0.16797968093468912,,,0.2417527437833177,,LearningParams_Fit_alpha_neg-exp_neg_Fix_alpha_pos-beta-exp_pos_
30,42,114.89159267425305,100104.0,0.11017233927387636,0.05,1.0,0.13127166465595164,0.5,0.1679793835490199,,,0.24175333852359765,,LearningParams_Fit_alpha_neg-exp_neg_Fix_alpha_pos-beta-exp_pos_
31,18,114.89159267425413,100104.0,0.08695337901904543,0.05,1.0,0.6440290407122277,0.5,0.16797972489720914,,,0.24175325574179565,,LearningParams_Fit_alpha_neg-exp_neg_Fix_alpha_pos-beta-exp_pos_
32,38,114.89159267427307,100104.0,0.19940430798885825,0.05,1.0,0.05280235972322656,0.5,0.1679794274944357,,,0.2417531263037395,,LearningParams_Fit_alpha_neg-exp_neg_Fix_alpha_pos-beta-exp_pos_
33,35,114.8915926742767,100104.0,0.2638796510199807,0.05,1.0,0.5786710845361561,0.5,0.16797954341122484,,,0.24175289408288825,,LearningParams_Fit_alpha_neg-exp_neg_Fix_alpha_pos-beta-exp_pos_
34,6,114.89159267428178,100104.0,0.6270487017562951,0.05,1.0,0.8619854679128929,0.5,0.16797994246908265,,,0.24175293968758335,,LearningParams_Fit_alpha_neg-exp_neg_Fix_alpha_pos-beta-exp_pos_
35,49,114.89159267428455,100104.0,0.008303389647781767,0.05,1.0,0.524023561286884,0.5,0.16797932904096827,,,0.2417533410714195,,LearningParams_Fit_alpha_neg-exp_neg_Fix_alpha_pos-beta-exp_pos_
36,48,114.89159267428568,100104.0,0.201395407291307,0.05,1.0,0.4788868226485736,0.5,0.16798005545667585,,,0.2417524116287071,,LearningParams_Fit_alpha_neg-exp_neg_Fix_alpha_pos-beta-exp_pos_
37,17,114.8915926742865,100104.0,0.6712514918864745,0.05,1.0,0.8908451512340209,0.5,0.1679800705022853,,,0.2417524357916737,,LearningParams_Fit_alpha_neg-exp_neg_Fix_alpha_pos-beta-exp_pos_
38,21,114.89159267429042,100104.0,0.2567875248327233,0.05,1.0,0.3720116390018608,0.5,0.1679795460443327,,,0.2417528590870072,,LearningParams_Fit_alpha_neg-exp_neg_Fix_alpha_pos-beta-exp_pos_
39,36,114.89159267429443,100104.0,0.6581041098340147,0.05,1.0,0.6782971914005874,0.5,0.1679793484914301,,,0.24175324711710144,,LearningParams_Fit_alpha_neg-exp_neg_Fix_alpha_pos-beta-exp_pos_
40,14,114.89159267432801,100104.0,0.3570641357564845,0.05,1.0,0.4411220732867652,0.5,0.16797947854586287,,,0.2417536944308249,,LearningParams_Fit_alpha_neg-exp_neg_Fix_alpha_pos-beta-exp_pos_
41,28,114.89159267435969,100104.0,0.6055428690367336,0.05,1.0,0.7891303867843369,0.5,0.16798021633561688,,,0.2417522782364041,,LearningParams_Fit_alpha_neg-exp_neg_Fix_alpha_pos-beta-exp_pos_
42,34,114.89159267436622,100104.0,0.3138706872699497,0.05,1.0,0.2373518288145715,0.5,0.16797973077107525,,,0.2417524646395787,,LearningParams_Fit_alpha_neg-exp_neg_Fix_alpha_pos-beta-exp_pos_
43,15,147.18161727610203,100104.0,0.6265230981287011,0.05,1.0,0.4417447893382638,0.5,0.6675299935517676,,,-0.09138486784180193,,LearningParams_Fit_alpha_neg-exp_neg_Fix_alpha_pos-beta-exp_pos_
44,45,153.58306603669863,100104.0,0.7017174929320463,0.05,1.0,0.38208180329612496,0.5,0.8789413959819856,,,-0.22514570448443916,,LearningParams_Fit_alpha_neg-exp_neg_Fix_alpha_pos-beta-exp_pos_
45,37,156.5638716187846,100104.0,0.978230144388632,0.05,1.0,0.6673985630360172,0.5,1.0574806009250532,,,-0.3052084783108032,,LearningParams_Fit_alpha_neg-exp_neg_Fix_alpha_pos-beta-exp_pos_
46,33,156.56387161879582,100104.0,0.9216759314049138,0.05,1.0,0.4702085529698072,0.5,1.0574810267405048,,,-0.3052089000129247,,LearningParams_Fit_alpha_neg-exp_neg_Fix_alpha_pos-beta-exp_pos_
47,40,156.6568737193326,100104.0,0.9375864021520052,0.05,1.0,0.4036278785374693,0.5,0.9649577241697016,,,-0.4242788665615505,,LearningParams_Fit_alpha_neg-exp_neg_Fix_alpha_pos-beta-exp_pos_
48,11,157.25743545697918,100104.0,0.9680723728839776,0.05,1.0,0.8111736110442197,0.5,1.1471770631423368,,,-0.38893523613028336,,LearningParams_Fit_alpha_neg-exp_neg_Fix_alpha_pos-beta-exp_pos_
49,13,160.22128454302617,100104.0,0.9802031046296588,0.05,1.0,0.31282902668260304,0.5,1.2390296939701961,,,-0.34236472231380105,,LearningParams_Fit_alpha_neg-exp_neg_Fix_alpha_pos-beta-exp_pos_
0,29,54.45526661680372,411256.0,0.4074964366266348,0.05,1.0,0.19456533261891096,0.5,0.005088012798747192,,,1.0622211633782674,,LearningParams_Fit_alpha_neg-exp_neg_Fix_alpha_pos-beta-exp_pos_
1,42,54.455266616804415,411256.0,0.013997448830383674,0.05,1.0,0.12786783072607644,0.5,0.005088010070638447,,,1.0622212376426508,,LearningParams_Fit_alpha_neg-exp_neg_Fix_alpha_pos-beta-exp_pos_
2,27,54.45526661680538,411256.0,0.8559416386276858,0.05,1.0,0.17907286056599536,0.5,0.005088022064519917,,,1.062220799199887,,LearningParams_Fit_alpha_neg-exp_neg_Fix_alpha_pos-beta-exp_pos_
3,39,54.45526661680592,411256.0,0.6987931108439822,0.05,1.0,0.4049215664400465,0.5,0.005088007560845483,,,1.062221301137826,,LearningParams_Fit_alpha_neg-exp_neg_Fix_alpha_pos-beta-exp_pos_
4,36,54.45526661680607,411256.0,0.22419852529426654,0.05,1.0,0.18038855001113294,0.5,0.005088023206327505,,,1.0622207629756577,,LearningParams_Fit_alpha_neg-exp_neg_Fix_alpha_pos-beta-exp_pos_
5,18,54.45526661680625,411256.0,0.2217769437123424,0.05,1.0,0.2846458752503048,0.5,0.005088015122095605,,,1.0622211314004084,,LearningParams_Fit_alpha_neg-exp_neg_Fix_alpha_pos-beta-exp_pos_
6,22,54.45526661680756,411256.0,0.11309510786841835,0.05,1.0,0.5081544907233103,0.5,0.00508802255274586,,,1.0622207556621517,,LearningParams_Fit_alpha_neg-exp_neg_Fix_alpha_pos-beta-exp_pos_
7,9,54.45526661680884,411256.0,0.5683236447342834,0.05,1.0,0.14901849339645346,0.5,0.005088005427856632,,,1.0622213303788932,,LearningParams_Fit_alpha_neg-exp_neg_Fix_alpha_pos-beta-exp_pos_
8,11,54.455266616808956,411256.0,0.04382323816223077,0.05,1.0,0.13162181993606406,0.5,0.005088008373563074,,,1.0622212010846162,,LearningParams_Fit_alpha_neg-exp_neg_Fix_alpha_pos-beta-exp_pos_
9,31,54.45526661680904,411256.0,0.5284629583575117,0.05,1.0,0.3760499702052281,0.5,0.005088026707747836,,,1.0622206480436898,,LearningParams_Fit_alpha_neg-exp_neg_Fix_alpha_pos-beta-exp_pos_
10,33,54.455266616810725,411256.0,0.25371329445225976,0.05,1.0,0.304749974837333,0.5,0.0050880039385540685,,,1.0622213730214636,,LearningParams_Fit_alpha_neg-exp_neg_Fix_alpha_pos-beta-exp_pos_
11,3,54.45526661681087,411256.0,0.8456285391945182,0.05,1.0,0.3759328689886868,0.5,0.005088002626544983,,,1.0622214494066458,,LearningParams_Fit_alpha_neg-exp_neg_Fix_alpha_pos-beta-exp_pos_
12,0,54.45526661681107,411256.0,0.243213779953826,0.05,1.0,0.20278235022652247,0.5,0.005088011304338993,,,1.0622212886042806,,LearningParams_Fit_alpha_neg-exp_neg_Fix_alpha_pos-beta-exp_pos_
13,4,54.45526661681126,411256.0,0.5654711227572564,0.05,1.0,0.15513655520700664,0.5,0.005088017127317979,,,1.062221107952872,,LearningParams_Fit_alpha_neg-exp_neg_Fix_alpha_pos-beta-exp_pos_
14,17,54.45526661681135,411256.0,0.02115570255311361,0.05,1.0,0.04414683314185186,0.5,0.00508800707978588,,,1.0622214054307606,,LearningParams_Fit_alpha_neg-exp_neg_Fix_alpha_pos-beta-exp_pos_
15,35,54.455266616812025,411256.0,0.18914936988257525,0.05,1.0,0.3469114236910453,0.5,0.005088024984973832,,,1.0622208328048934,,LearningParams_Fit_alpha_neg-exp_neg_Fix_alpha_pos-beta-exp_pos_
16,48,54.45526661681446,411256.0,0.034235714776989716,0.05,1.0,0.9746732207472488,0.5,0.005088008783808177,,,1.0622211426128247,,LearningParams_Fit_alpha_neg-exp_neg_Fix_alpha_pos-beta-exp_pos_
17,32,54.45526661681457,411256.0,0.0063199030609027975,0.05,1.0,0.2297964923285833,0.5,0.00508802415389957,,,1.062220883467358,,LearningParams_Fit_alpha_neg-exp_neg_Fix_alpha_pos-beta-exp_pos_
18,37,54.45526661681494,411256.0,0.4120280115619236,0.05,1.0,0.21872875336050654,0.5,0.005088011561839577,,,1.0622213053607426,,LearningParams_Fit_alpha_neg-exp_neg_Fix_alpha_pos-beta-exp_pos_
19,8,54.45526661681594,411256.0,0.9923542832097548,0.05,1.0,0.07972827507871805,0.5,0.005088026691380598,,,1.0622207964047528,,LearningParams_Fit_alpha_neg-exp_neg_Fix_alpha_pos-beta-exp_pos_
20,24,54.45526661681731,411256.0,0.23305881710108056,0.05,1.0,0.1109985693015496,0.5,0.0050880210566503214,,,1.0622210109006165,,LearningParams_Fit_alpha_neg-exp_neg_Fix_alpha_pos-beta-exp_pos_
21,2,54.45526661681819,411256.0,0.4665689121872878,0.05,1.0,0.07529436693818348,0.5,0.0050880145713054934,,,1.0622209226604364,,LearningParams_Fit_alpha_neg-exp_neg_Fix_alpha_pos-beta-exp_pos_
22,12,54.45526661682071,411256.0,0.29985523502548617,0.05,1.0,0.3642727045505625,0.5,0.0050880185255327325,,,1.062221113228282,,LearningParams_Fit_alpha_neg-exp_neg_Fix_alpha_pos-beta-exp_pos_
23,41,54.455266616824254,411256.0,0.0035050366662202626,0.05,1.0,0.6876085062467291,0.5,0.005088014789680057,,,1.0622208877071209,,LearningParams_Fit_alpha_neg-exp_neg_Fix_alpha_pos-beta-exp_pos_
24,25,89.11073620133214,411256.0,0.010157696649512049,0.05,1.0,0.019212268512960318,0.5,-14.616593292475919,,,-1.7763020948677488,,LearningParams_Fit_alpha_neg-exp_neg_Fix_alpha_pos-beta-exp_pos_
25,15,89.11073620133214,411256.0,0.11421203756011312,0.05,1.0,0.6144639337626608,0.5,-14.61658850526266,,,-1.7763019067186057,,LearningParams_Fit_alpha_neg-exp_neg_Fix_alpha_pos-beta-exp_pos_
26,46,89.11073620133217,411256.0,0.98775037400015,0.05,1.0,0.0063204546675124105,0.5,-14.61659658490695,,,-1.7763021901714255,,LearningParams_Fit_alpha_neg-exp_neg_Fix_alpha_pos-beta-exp_pos_
27,45,89.11073620133219,411256.0,0.7870337737816817,0.05,1.0,0.04965157671411169,0.5,-14.616590510192836,,,-1.7763020578484543,,LearningParams_Fit_alpha_neg-exp_neg_Fix_alpha_pos-beta-exp_pos_
28,21,94.54788772241226,411256.0,0.2559990206907098,0.05,1.0,0.6794933092848704,0.5,1.5687127489810797,,,-21.83144318828438,,LearningParams_Fit_alpha_neg-exp_neg_Fix_alpha_pos-beta-exp_pos_
29,47,94.54788772241226,411256.0,0.30919457475438383,0.05,1.0,0.7281478503968558,0.5,1.894684870372925,,,-23.394665129728125,,LearningParams_Fit_alpha_neg-exp_neg_Fix_alpha_pos-beta-exp_pos_
30,44,94.54788772241226,411256.0,0.5887952314250561,0.05,1.0,0.4680280467877924,0.5,3.582767233640748,,,-24.02601867605,,LearningParams_Fit_alpha_neg-exp_neg_Fix_alpha_pos-beta-exp_pos_
31,43,94.54788772241226,411256.0,0.3180175086757603,0.05,1.0,0.6906731286475813,0.5,1.9487501120622857,,,-22.190639648260024,,LearningParams_Fit_alpha_neg-exp_neg_Fix_alpha_pos-beta-exp_pos_
32,1,94.54788772241226,411256.0,0.8664679507070097,0.05,1.0,0.699264351413573,0.5,4.146607609804403,,,-26.184991609202946,,LearningParams_Fit_alpha_neg-exp_neg_Fix_alpha_pos-beta-exp_pos_
33,40,94.54788772241226,411256.0,0.8362748144034693,0.05,1.0,0.7584215778104783,0.5,5.124531177763738,,,-24.367329836057273,,LearningParams_Fit_alpha_neg-exp_neg_Fix_alpha_pos-beta-exp_pos_
34,38,94.54788772241226,411256.0,0.2210540450857081,0.05,1.0,0.948401178202074,0.5,1.197820416326366,,,-24.51978253132338,,LearningParams_Fit_alpha_neg-exp_neg_Fix_alpha_pos-beta-exp_pos_
35,5,94.54788772241226,411256.0,0.2172231570934564,0.05,1.0,0.7433354568117259,0.5,1.331101716666794,,,-23.882627795558108,,LearningParams_Fit_alpha_neg-exp_neg_Fix_alpha_pos-beta-exp_pos_
36,7,94.54788772241226,411256.0,0.4805853292109895,0.05,1.0,0.7744392097177287,0.5,4.348687111265739,,,-25.685062930110906,,LearningParams_Fit_alpha_neg-exp_neg_Fix_alpha_pos-beta-exp_pos_
37,20,94.54788772241226,411256.0,0.4351759947419007,0.05,1.0,0.8231023830162513,0.5,2.6666747753966,,,-26.445459679172725,,LearningParams_Fit_alpha_neg-exp_neg_Fix_alpha_pos-beta-exp_pos_
38,10,94.54788772241226,411256.0,0.3736282616711538,0.05,1.0,0.8296364814252012,0.5,2.2895221078650554,,,-26.655393752477806,,LearningParams_Fit_alpha_neg-exp_neg_Fix_alpha_pos-beta-exp_pos_
39,13,94.54788772241226,411256.0,0.6552085450270604,0.05,1.0,0.44246986675588507,0.5,6.517877357654852,,,-24.381148301973482,,LearningParams_Fit_alpha_neg-exp_neg_Fix_alpha_pos-beta-exp_pos_
40,30,94.54788772241226,411256.0,0.4985171523153715,0.05,1.0,0.6212736793754362,0.5,3.9252688017680115,,,-27.317567494533854,,LearningParams_Fit_alpha_neg-exp_neg_Fix_alpha_pos-beta-exp_pos_
41,14,94.54788772241226,411256.0,0.4968131525159086,0.05,1.0,0.822978342762499,0.5,3.0443754203060114,,,-26.441474389375596,,LearningParams_Fit_alpha_neg-exp_neg_Fix_alpha_pos-beta-exp_pos_
42,28,94.54788772241226,411256.0,0.9025318067750392,0.05,1.0,0.9778157329809356,0.5,4.890528124558394,,,-25.280260800446435,,LearningParams_Fit_alpha_neg-exp_neg_Fix_alpha_pos-beta-exp_pos_
43,26,94.54788772241226,411256.0,0.19246360479980076,0.05,1.0,0.7827800499444049,0.5,1.1793799435235763,,,-25.14994328239834,,LearningParams_Fit_alpha_neg-exp_neg_Fix_alpha_pos-beta-exp_pos_
44,16,94.54788772241226,411256.0,0.7937350844203624,0.05,1.0,0.919630211013204,0.5,7.182294842510403,,,-30.500469947686017,,LearningParams_Fit_alpha_neg-exp_neg_Fix_alpha_pos-beta-exp_pos_
45,23,94.54788772241226,411256.0,0.8617356469973003,0.05,1.0,0.9606697927049394,0.5,5.737568900825435,,,-26.635508156838913,,LearningParams_Fit_alpha_neg-exp_neg_Fix_alpha_pos-beta-exp_pos_
46,19,94.54788772241226,411256.0,0.5029914951347694,0.05,1.0,0.6936666662093914,0.5,3.0822351152674066,,,-22.28681902827697,,LearningParams_Fit_alpha_neg-exp_neg_Fix_alpha_pos-beta-exp_pos_
47,6,94.54788772241226,411256.0,0.3561481138715469,0.05,1.0,0.9832275582439091,0.5,1.92985150697453,,,-25.420177094938275,,LearningParams_Fit_alpha_neg-exp_neg_Fix_alpha_pos-beta-exp_pos_
48,49,94.54788772241226,411256.0,0.3224823551638474,0.05,1.0,0.7587801307540215,0.5,1.976109832381542,,,-24.37884978498087,,LearningParams_Fit_alpha_neg-exp_neg_Fix_alpha_pos-beta-exp_pos_
49,34,270.8951047435199,411256.0,0.8777342233622426,0.05,1.0,0.4146990923155544,0.5,1.2722157417920812,,,-0.5868796587046329,,LearningParams_Fit_alpha_neg-exp_neg_Fix_alpha_pos-beta-exp_pos_
0,41,64.03930058433988,100062.0,0.6232019149836363,0.05,1.0,0.026095601610079174,0.5,0.010467238636452809,,,0.8593559753201363,,LearningParams_Fit_alpha_neg-exp_neg_Fix_alpha_pos-beta-exp_pos_
1,30,64.03930058434018,100062.0,0.11353796730235155,0.05,1.0,0.7071421420475678,0.5,0.010467232104263131,,,0.8593562097919272,,LearningParams_Fit_alpha_neg-exp_neg_Fix_alpha_pos-beta-exp_pos_
2,15,64.03930058434028,100062.0,0.04855828621302405,0.05,1.0,0.18004552472847346,0.5,0.010467249802773184,,,0.8593558873178277,,LearningParams_Fit_alpha_neg-exp_neg_Fix_alpha_pos-beta-exp_pos_
3,7,64.0393005843419,100062.0,0.11279827298327838,0.05,1.0,0.693361438689121,0.5,0.01046723582641463,,,0.8593560049448352,,LearningParams_Fit_alpha_neg-exp_neg_Fix_alpha_pos-beta-exp_pos_
4,1,64.03930058434294,100062.0,0.7711884973164113,0.05,1.0,0.20898142095086747,0.5,0.010467255205711769,,,0.8593557648922876,,LearningParams_Fit_alpha_neg-exp_neg_Fix_alpha_pos-beta-exp_pos_
5,19,64.03930058434354,100062.0,0.6733317487651836,0.05,1.0,0.2578567539433959,0.5,0.010467238711272937,,,0.8593561283256366,,LearningParams_Fit_alpha_neg-exp_neg_Fix_alpha_pos-beta-exp_pos_
6,16,64.03930058434398,100062.0,0.3099377966723328,0.05,1.0,0.018058694529433872,0.5,0.010467216316209591,,,0.8593564048661879,,LearningParams_Fit_alpha_neg-exp_neg_Fix_alpha_pos-beta-exp_pos_
7,10,64.03930058434402,100062.0,0.08688755123972036,0.05,1.0,0.9581664641243536,0.5,0.010467228062969758,,,0.8593561270698813,,LearningParams_Fit_alpha_neg-exp_neg_Fix_alpha_pos-beta-exp_pos_
8,32,64.03930058434625,100062.0,0.4815542486337106,0.05,1.0,0.06408801290362964,0.5,0.010467214805806957,,,0.859356459873621,,LearningParams_Fit_alpha_neg-exp_neg_Fix_alpha_pos-beta-exp_pos_
9,27,64.03930058434634,100062.0,0.050555941042157986,0.05,1.0,0.8035604448708165,0.5,0.010467217343658772,,,0.8593564437570771,,LearningParams_Fit_alpha_neg-exp_neg_Fix_alpha_pos-beta-exp_pos_
10,37,64.03930058434635,100062.0,0.8703175048415361,0.05,1.0,0.038054464843612856,0.5,0.010467259258111532,,,0.859355697976934,,LearningParams_Fit_alpha_neg-exp_neg_Fix_alpha_pos-beta-exp_pos_
11,26,64.03930058434787,100062.0,0.1612644797385918,0.05,1.0,0.1383407187563097,0.5,0.01046722757937394,,,0.8593561146197264,,LearningParams_Fit_alpha_neg-exp_neg_Fix_alpha_pos-beta-exp_pos_
12,21,64.03930058434918,100062.0,0.0018258226997063254,0.05,1.0,0.7729129022953302,0.5,0.01046723245681918,,,0.8593560228388606,,LearningParams_Fit_alpha_neg-exp_neg_Fix_alpha_pos-beta-exp_pos_
13,33,64.03930058435243,100062.0,0.022796728442689984,0.05,1.0,0.18236904172918866,0.5,0.010467251841835857,,,0.8593557134863625,,LearningParams_Fit_alpha_neg-exp_neg_Fix_alpha_pos-beta-exp_pos_
14,0,64.03930058435323,100062.0,0.08548381027195917,0.05,1.0,0.7841546470300877,0.5,0.01046722328716345,,,0.8593564112854553,,LearningParams_Fit_alpha_neg-exp_neg_Fix_alpha_pos-beta-exp_pos_
15,11,64.03930058435438,100062.0,0.4081485573280143,0.05,1.0,0.20217204920715992,0.5,0.010467235506176092,,,0.8593559508570406,,LearningParams_Fit_alpha_neg-exp_neg_Fix_alpha_pos-beta-exp_pos_
16,6,64.03930058435441,100062.0,0.7704640268036168,0.05,1.0,0.2132244532490698,0.5,0.010467242910123952,,,0.8593561084307166,,LearningParams_Fit_alpha_neg-exp_neg_Fix_alpha_pos-beta-exp_pos_
17,36,64.03930058435455,100062.0,0.1213560499870241,0.05,1.0,0.15123860875669906,0.5,0.010467252209286624,,,0.8593559412169077,,LearningParams_Fit_alpha_neg-exp_neg_Fix_alpha_pos-beta-exp_pos_
18,39,64.0393005843591,100062.0,0.5199747139650953,0.05,1.0,0.3101367650779041,0.5,0.01046726135271138,,,0.8593557802680554,,LearningParams_Fit_alpha_neg-exp_neg_Fix_alpha_pos-beta-exp_pos_
19,42,64.03930058436181,100062.0,0.5931153496786066,0.05,1.0,0.1809362835897802,0.5,0.010467255141370748,,,0.8593556301014045,,LearningParams_Fit_alpha_neg-exp_neg_Fix_alpha_pos-beta-exp_pos_
20,43,64.03930058436671,100062.0,0.23720364073470326,0.05,1.0,0.4615636245772354,0.5,0.010467249336086741,,,0.8593556949338761,,LearningParams_Fit_alpha_neg-exp_neg_Fix_alpha_pos-beta-exp_pos_
21,47,64.03930058436707,100062.0,0.6849775521219994,0.05,1.0,0.12102638645347552,0.5,0.010467206922212577,,,0.8593564335244329,,LearningParams_Fit_alpha_neg-exp_neg_Fix_alpha_pos-beta-exp_pos_
22,17,64.03930058436868,100062.0,0.5147591006318647,0.05,1.0,0.21406601261634567,0.5,0.010467238529775907,,,0.8593558546839425,,LearningParams_Fit_alpha_neg-exp_neg_Fix_alpha_pos-beta-exp_pos_
23,38,64.0393005843741,100062.0,0.10379073481808654,0.05,1.0,0.9101073996084278,0.5,0.010467260081690844,,,0.8593555215661639,,LearningParams_Fit_alpha_neg-exp_neg_Fix_alpha_pos-beta-exp_pos_
24,35,114.5669963766378,100062.0,0.504429699683618,0.05,1.0,0.7237380175253856,0.5,3.091048156056893,,,-23.252981592174745,,LearningParams_Fit_alpha_neg-exp_neg_Fix_alpha_pos-beta-exp_pos_
25,34,114.5669963766378,100062.0,0.9151788772692544,0.05,1.0,0.9883363406580338,0.5,4.959058511499911,,,-25.552258577620183,,LearningParams_Fit_alpha_neg-exp_neg_Fix_alpha_pos-beta-exp_pos_
26,40,114.5669963766378,100062.0,0.6096895205142936,0.05,1.0,0.8583187912099172,0.5,3.303710434292713,,,-22.190809740360084,,LearningParams_Fit_alpha_neg-exp_neg_Fix_alpha_pos-beta-exp_pos_
27,44,114.5669963766378,100062.0,0.7921796227280261,0.05,1.0,0.507566925318596,0.5,4.820343379137882,,,-26.055730016066967,,LearningParams_Fit_alpha_neg-exp_neg_Fix_alpha_pos-beta-exp_pos_
28,45,114.5669963766378,100062.0,0.8900746660085209,0.05,1.0,0.6288122171978268,0.5,4.259580957787808,,,-23.54680686610753,,LearningParams_Fit_alpha_neg-exp_neg_Fix_alpha_pos-beta-exp_pos_
29,46,114.5669963766378,100062.0,0.9074114233100584,0.05,1.0,0.5581163212443163,0.5,10.20693852828996,,,-27.100744169530326,,LearningParams_Fit_alpha_neg-exp_neg_Fix_alpha_pos-beta-exp_pos_
30,25,114.5669963766378,100062.0,0.2591441725137139,0.05,1.0,0.5563399044449668,0.5,0.7010431928602205,,,-26.692254138086284,,LearningParams_Fit_alpha_neg-exp_neg_Fix_alpha_pos-beta-exp_pos_
31,29,114.5669963766378,100062.0,0.3124298648656171,0.05,1.0,0.7601794942498852,0.5,1.9145101057603784,,,-24.423809940205803,,LearningParams_Fit_alpha_neg-exp_neg_Fix_alpha_pos-beta-exp_pos_
32,2,114.5669963766378,100062.0,0.8697344760375552,0.05,1.0,0.8574759631924672,0.5,5.790826338769809,,,-23.77435845838148,,LearningParams_Fit_alpha_neg-exp_neg_Fix_alpha_pos-beta-exp_pos_
33,4,114.5669963766378,100062.0,0.8414090130205668,0.05,1.0,0.3824060715251687,0.5,11.148078833920664,,,-28.792404368383227,,LearningParams_Fit_alpha_neg-exp_neg_Fix_alpha_pos-beta-exp_pos_
34,5,114.5669963766378,100062.0,0.2261297297952175,0.05,1.0,0.7351067953309595,0.5,1.3856794807116393,,,-23.61824909869935,,LearningParams_Fit_alpha_neg-exp_neg_Fix_alpha_pos-beta-exp_pos_
35,8,114.5669963766378,100062.0,0.3634929560575496,0.05,1.0,0.6033802292327191,0.5,2.862103246494705,,,-26.53078777375915,,LearningParams_Fit_alpha_neg-exp_neg_Fix_alpha_pos-beta-exp_pos_
36,9,114.5669963766378,100062.0,0.9540911976950168,0.05,1.0,0.8231915414882206,0.5,6.35248640754359,,,-22.823789385750658,,LearningParams_Fit_alpha_neg-exp_neg_Fix_alpha_pos-beta-exp_pos_
37,12,114.5669963766378,100062.0,0.3905620279198966,0.05,1.0,0.6843648067548889,0.5,2.3932889696717523,,,-21.987959549527908,,LearningParams_Fit_alpha_neg-exp_neg_Fix_alpha_pos-beta-exp_pos_
38,13,114.5669963766378,100062.0,0.4889719640930194,0.05,1.0,0.5888820070430465,0.5,3.3666364368576502,,,-26.763594567945052,,LearningParams_Fit_alpha_neg-exp_neg_Fix_alpha_pos-beta-exp_pos_
39,14,114.5669963766378,100062.0,0.5365807382215785,0.05,1.0,0.7618786924485775,0.5,4.54691915110666,,,-26.97690430326073,,LearningParams_Fit_alpha_neg-exp_neg_Fix_alpha_pos-beta-exp_pos_
40,18,114.5669963766378,100062.0,0.8960532534729063,0.05,1.0,0.4783133244863793,0.5,7.2297015444573125,,,-27.249052335190182,,LearningParams_Fit_alpha_neg-exp_neg_Fix_alpha_pos-beta-exp_pos_
41,20,114.5669963766378,100062.0,0.3214266058666623,0.05,1.0,0.8252399341958636,0.5,1.7417068785522067,,,-21.335595302618735,,LearningParams_Fit_alpha_neg-exp_neg_Fix_alpha_pos-beta-exp_pos_
42,22,114.5669963766378,100062.0,0.9253810498451274,0.05,1.0,0.9029110709541937,0.5,5.014340786915933,,,-23.343690005627604,,LearningParams_Fit_alpha_neg-exp_neg_Fix_alpha_pos-beta-exp_pos_
43,23,114.5669963766378,100062.0,0.3157582721114245,0.05,1.0,0.9500688614809496,0.5,1.7109920101771925,,,-24.562898495610384,,LearningParams_Fit_alpha_neg-exp_neg_Fix_alpha_pos-beta-exp_pos_
44,24,114.5669963766378,100062.0,0.4958146310155019,0.05,1.0,0.9082531272416152,0.5,2.6866592172670622,,,-23.481802506379644,,LearningParams_Fit_alpha_neg-exp_neg_Fix_alpha_pos-beta-exp_pos_
45,28,114.5669963766378,100062.0,0.6340580779709439,0.05,1.0,0.4075128446081476,0.5,1.1676675323269021,,,-29.126480784357234,,LearningParams_Fit_alpha_neg-exp_neg_Fix_alpha_pos-beta-exp_pos_
46,31,114.5669963766378,100062.0,0.6003153130278875,0.05,1.0,0.651469986042474,0.5,4.726816235926084,,,-28.64530706060028,,LearningParams_Fit_alpha_neg-exp_neg_Fix_alpha_pos-beta-exp_pos_
47,49,114.5669963766378,100062.0,0.24289046704165496,0.05,1.0,0.9536088713260746,0.5,1.3161449284528557,,,-24.6544212325663,,LearningParams_Fit_alpha_neg-exp_neg_Fix_alpha_pos-beta-exp_pos_
48,48,272.0335205255209,100062.0,0.7956345856546319,0.05,1.0,0.7545753909283465,0.5,1.0779801357195156,,,-0.6391854417621416,,LearningParams_Fit_alpha_neg-exp_neg_Fix_alpha_pos-beta-exp_pos_
49,3,,100062.0,0.3866073972385812,0.05,1.0,0.44551522275786704,0.5,inf,,,inf,,LearningParams_Fit_alpha_neg-exp_neg_Fix_alpha_pos-beta-exp_pos_
0,28,79.92195551428016,311047.0,0.508108720457996,0.05,1.0,0.4572962170710602,0.5,0.056322712031547234,,,0.4375712682740677,,LearningParams_Fit_alpha_neg-exp_neg_Fix_alpha_pos-beta-exp_pos_
1,8,79.9219555142807,311047.0,0.6156822820653751,0.05,1.0,0.16511553189198924,0.5,0.056322676743511074,,,0.4375714113258218,,LearningParams_Fit_alpha_neg-exp_neg_Fix_alpha_pos-beta-exp_pos_
2,44,79.92195551428098,311047.0,0.648569610225378,0.05,1.0,0.8501517091248413,0.5,0.05632273081745792,,,0.4375712043866896,,LearningParams_Fit_alpha_neg-exp_neg_Fix_alpha_pos-beta-exp_pos_
3,45,79.92195551428136,311047.0,0.9834202673792096,0.05,1.0,0.8598665078462391,0.5,0.056322683555910975,,,0.4375715418663049,,LearningParams_Fit_alpha_neg-exp_neg_Fix_alpha_pos-beta-exp_pos_
4,36,79.92195551428345,311047.0,0.4912175715634872,0.05,1.0,0.32610436363830203,0.5,0.05632264118509993,,,0.4375716109883197,,LearningParams_Fit_alpha_neg-exp_neg_Fix_alpha_pos-beta-exp_pos_
5,26,79.92195551428391,311047.0,0.14484211607437614,0.05,1.0,0.9327308926831808,0.5,0.05632275595217021,,,0.4375711214995574,,LearningParams_Fit_alpha_neg-exp_neg_Fix_alpha_pos-beta-exp_pos_
6,41,79.921955514284,311047.0,0.8726280784398303,0.05,1.0,0.8363241812583633,0.5,0.05632264058555798,,,0.43757159824198,,LearningParams_Fit_alpha_neg-exp_neg_Fix_alpha_pos-beta-exp_pos_
7,4,79.92195551428415,311047.0,0.1778190452772046,0.05,1.0,0.927793390453631,0.5,0.056322760935440364,,,0.4375711338324911,,LearningParams_Fit_alpha_neg-exp_neg_Fix_alpha_pos-beta-exp_pos_
8,32,79.92195551428443,311047.0,0.20680894670904326,0.05,1.0,0.45292392375640705,0.5,0.05632272973448025,,,0.4375713783661537,,LearningParams_Fit_alpha_neg-exp_neg_Fix_alpha_pos-beta-exp_pos_
9,39,79.92195551428534,311047.0,0.7650971137170886,0.05,1.0,0.9833750269002234,0.5,0.056322765614472685,,,0.43757110768649776,,LearningParams_Fit_alpha_neg-exp_neg_Fix_alpha_pos-beta-exp_pos_
10,49,79.92195551428536,311047.0,0.6960707122381672,0.05,1.0,0.6312333801191327,0.5,0.056322766115570425,,,0.4375711306051906,,LearningParams_Fit_alpha_neg-exp_neg_Fix_alpha_pos-beta-exp_pos_
11,29,79.92195551428571,311047.0,0.03544431712403917,0.05,1.0,0.7505395191447182,0.5,0.056322675046202586,,,0.43757136255535256,,LearningParams_Fit_alpha_neg-exp_neg_Fix_alpha_pos-beta-exp_pos_
12,46,79.92195551428586,311047.0,0.2647524545671738,0.05,1.0,0.4982339595986784,0.5,0.05632273091590969,,,0.4375711418539525,,LearningParams_Fit_alpha_neg-exp_neg_Fix_alpha_pos-beta-exp_pos_
13,48,79.9219555142863,311047.0,0.06213774640249059,0.05,1.0,0.001274219009204769,0.5,0.056322630626440585,,,0.4375716372703228,,LearningParams_Fit_alpha_neg-exp_neg_Fix_alpha_pos-beta-exp_pos_
14,33,79.92195551428675,311047.0,0.3694409874855225,0.05,1.0,0.09471062927799613,0.5,0.056322681379639375,,,0.437571604417804,,LearningParams_Fit_alpha_neg-exp_neg_Fix_alpha_pos-beta-exp_pos_
15,1,79.92195551428709,311047.0,0.7542697165053778,0.05,1.0,0.4566920759231656,0.5,0.05632275071082776,,,0.43757107924171984,,LearningParams_Fit_alpha_neg-exp_neg_Fix_alpha_pos-beta-exp_pos_
16,0,79.92195551428716,311047.0,0.06919590385650454,0.05,1.0,0.16099330102751785,0.5,0.056322664783004725,,,0.437571661521894,,LearningParams_Fit_alpha_neg-exp_neg_Fix_alpha_pos-beta-exp_pos_
17,30,79.92195551428738,311047.0,0.7659839656537764,0.05,1.0,0.902488057631304,0.5,0.05632265919098635,,,0.4375716800031664,,LearningParams_Fit_alpha_neg-exp_neg_Fix_alpha_pos-beta-exp_pos_
18,31,79.92195551428809,311047.0,0.3692565738736272,0.05,1.0,0.5503832164803604,0.5,0.05632270773543197,,,0.43757151186170784,,LearningParams_Fit_alpha_neg-exp_neg_Fix_alpha_pos-beta-exp_pos_
19,14,79.92195551428809,311047.0,0.9540672849101977,0.05,1.0,0.8617399626767451,0.5,0.0563227067367799,,,0.4375712082716887,,LearningParams_Fit_alpha_neg-exp_neg_Fix_alpha_pos-beta-exp_pos_
20,47,79.92195551428858,311047.0,0.4977967738222756,0.05,1.0,0.7331313044391136,0.5,0.05632273833833251,,,0.4375710968911259,,LearningParams_Fit_alpha_neg-exp_neg_Fix_alpha_pos-beta-exp_pos_
21,11,79.92195551428907,311047.0,0.3798406276008976,0.05,1.0,0.08533690535118033,0.5,0.05632277109528167,,,0.4375711797538793,,LearningParams_Fit_alpha_neg-exp_neg_Fix_alpha_pos-beta-exp_pos_
22,27,79.92195551428958,311047.0,0.9021295565597078,0.05,1.0,0.26256824703233794,0.5,0.05632263287994975,,,0.437571558985975,,LearningParams_Fit_alpha_neg-exp_neg_Fix_alpha_pos-beta-exp_pos_
23,17,79.92195551428965,311047.0,0.4143345291212261,0.05,1.0,0.3033499327884349,0.5,0.05632275415160538,,,0.4375710470740273,,LearningParams_Fit_alpha_neg-exp_neg_Fix_alpha_pos-beta-exp_pos_
24,3,79.92195551428968,311047.0,0.6639533287304846,0.05,1.0,0.01781716954343326,0.5,0.056322646341275415,,,0.4375717335009933,,LearningParams_Fit_alpha_neg-exp_neg_Fix_alpha_pos-beta-exp_pos_
25,34,79.92195551429009,311047.0,0.4536972245981593,0.05,1.0,0.3062719523732127,0.5,0.056322781056274675,,,0.4375711097670724,,LearningParams_Fit_alpha_neg-exp_neg_Fix_alpha_pos-beta-exp_pos_
26,9,79.92195551429015,311047.0,0.9928981803032472,0.05,1.0,0.6022701730310411,0.5,0.056322652223580925,,,0.4375714402792248,,LearningParams_Fit_alpha_neg-exp_neg_Fix_alpha_pos-beta-exp_pos_
27,40,79.92195551429023,311047.0,0.39236912804990143,0.05,1.0,0.9486954972108692,0.5,0.05632270121836019,,,0.4375712142016651,,LearningParams_Fit_alpha_neg-exp_neg_Fix_alpha_pos-beta-exp_pos_
28,22,79.92195551429168,311047.0,0.4932403722002665,0.05,1.0,0.10916795343684682,0.5,0.05632267449974314,,,0.4375713197345963,,LearningParams_Fit_alpha_neg-exp_neg_Fix_alpha_pos-beta-exp_pos_
29,10,79.92195551429194,311047.0,0.17834122231540928,0.05,1.0,0.8200725998406413,0.5,0.056322780282598885,,,0.4375711491800064,,LearningParams_Fit_alpha_neg-exp_neg_Fix_alpha_pos-beta-exp_pos_
30,38,79.92195551429215,311047.0,0.1691685432623632,0.05,1.0,0.8218770600348693,0.5,0.05632266144407536,,,0.43757171096806197,,LearningParams_Fit_alpha_neg-exp_neg_Fix_alpha_pos-beta-exp_pos_
31,15,79.92195551429232,311047.0,0.6504637027634793,0.05,1.0,0.0027425089273356296,0.5,0.05632264934582271,,,0.43757174814291294,,LearningParams_Fit_alpha_neg-exp_neg_Fix_alpha_pos-beta-exp_pos_
32,5,79.921955514293,311047.0,0.09758794772103517,0.05,1.0,0.1921626648803647,0.5,0.056322610690402924,,,0.4375718131074646,,LearningParams_Fit_alpha_neg-exp_neg_Fix_alpha_pos-beta-exp_pos_
33,13,79.92195551429664,311047.0,0.8357540054847418,0.05,1.0,0.9801667126462588,0.5,0.056322598311806825,,,0.4375718524416692,,LearningParams_Fit_alpha_neg-exp_neg_Fix_alpha_pos-beta-exp_pos_
34,12,79.92195551429887,311047.0,0.6990201930869521,0.05,1.0,0.4726768771065109,0.5,0.056322626694564365,,,0.4375715179728009,,LearningParams_Fit_alpha_neg-exp_neg_Fix_alpha_pos-beta-exp_pos_
35,2,79.92195551429954,311047.0,0.2276472831182743,0.05,1.0,0.9474762708605676,0.5,0.05632281092000744,,,0.4375709112158199,,LearningParams_Fit_alpha_neg-exp_neg_Fix_alpha_pos-beta-exp_pos_
36,25,79.92195551430035,311047.0,0.5585112984846494,0.05,1.0,0.4609096842230829,0.5,0.056322814214918124,,,0.4375709269600324,,LearningParams_Fit_alpha_neg-exp_neg_Fix_alpha_pos-beta-exp_pos_
37,43,79.92195551430353,311047.0,0.040666050319985936,0.05,1.0,0.03940659603830954,0.5,0.056322638967604276,,,0.43757142413298056,,LearningParams_Fit_alpha_neg-exp_neg_Fix_alpha_pos-beta-exp_pos_
38,19,79.92195551430503,311047.0,0.6854503932461711,0.05,1.0,0.6442703606467939,0.5,0.056322693961891025,,,0.4375711636586985,,LearningParams_Fit_alpha_neg-exp_neg_Fix_alpha_pos-beta-exp_pos_
39,35,79.9219555143052,311047.0,0.5746473552017308,0.05,1.0,0.9875918708141982,0.5,0.05632257614666576,,,0.4375719417008306,,LearningParams_Fit_alpha_neg-exp_neg_Fix_alpha_pos-beta-exp_pos_
40,20,79.92195551430893,311047.0,0.592532700546832,0.05,1.0,0.6436760926606041,0.5,0.056322753635282566,,,0.43757092890421795,,LearningParams_Fit_alpha_neg-exp_neg_Fix_alpha_pos-beta-exp_pos_
41,21,79.92195551430973,311047.0,0.8490802269356122,0.05,1.0,0.7333165798037559,0.5,0.05632261887492372,,,0.4375719345021051,,LearningParams_Fit_alpha_neg-exp_neg_Fix_alpha_pos-beta-exp_pos_
42,16,79.92195551430981,311047.0,0.4044065683216499,0.05,1.0,0.9550305014912692,0.5,0.05632266280369652,,,0.4375712779046555,,LearningParams_Fit_alpha_neg-exp_neg_Fix_alpha_pos-beta-exp_pos_
43,18,79.92195551431028,311047.0,0.8505137313806305,0.05,1.0,0.6515332395382982,0.5,0.05632267588680104,,,0.4375717553836017,,LearningParams_Fit_alpha_neg-exp_neg_Fix_alpha_pos-beta-exp_pos_
44,6,79.92195551431172,311047.0,0.33670068280448795,0.05,1.0,0.892401775276552,0.5,0.056322682255941836,,,0.43757173762061996,,LearningParams_Fit_alpha_neg-exp_neg_Fix_alpha_pos-beta-exp_pos_
45,23,79.9219555143153,311047.0,0.9734287215511688,0.05,1.0,0.9869988166090576,0.5,0.05632282757707265,,,0.4375707300301008,,LearningParams_Fit_alpha_neg-exp_neg_Fix_alpha_pos-beta-exp_pos_
46,37,79.92195551431665,311047.0,0.4662304605694716,0.05,1.0,0.6663355343342354,0.5,0.0563227405010532,,,0.43757151352959056,,LearningParams_Fit_alpha_neg-exp_neg_Fix_alpha_pos-beta-exp_pos_
47,7,79.92195551432582,311047.0,0.7099029366217199,0.05,1.0,0.2446355749955803,0.5,0.056322611172431473,,,0.4375714659537167,,LearningParams_Fit_alpha_neg-exp_neg_Fix_alpha_pos-beta-exp_pos_
48,42,79.9219555143373,311047.0,0.9916453943834468,0.05,1.0,0.2527886361139321,0.5,0.05632268603912308,,,0.4375710775499301,,LearningParams_Fit_alpha_neg-exp_neg_Fix_alpha_pos-beta-exp_pos_
49,24,79.92195551433993,311047.0,0.5259405652431062,0.05,1.0,0.07401502098269541,0.5,0.05632252476784496,,,0.4375719477495018,,LearningParams_Fit_alpha_neg-exp_neg_Fix_alpha_pos-beta-exp_pos_
0,20,117.59985653427236,200085.0,0.9195719819573204,0.05,1.0,0.1934672811137156,0.5,0.12613871852392475,,,-0.08082684768875599,,LearningParams_Fit_alpha_neg-exp_neg_Fix_alpha_pos-beta-exp_pos_
1,5,117.59985653427248,200085.0,0.3443602004348457,0.05,1.0,0.4438702853955913,0.5,0.12613874447707749,,,-0.08082700705713905,,LearningParams_Fit_alpha_neg-exp_neg_Fix_alpha_pos-beta-exp_pos_
2,45,117.59985653427256,200085.0,0.83697050244073,0.05,1.0,0.06839019975512728,0.5,0.12613879146138665,,,-0.08082710428606177,,LearningParams_Fit_alpha_neg-exp_neg_Fix_alpha_pos-beta-exp_pos_
3,2,117.5998565342728,200085.0,0.8553486072587378,0.05,1.0,0.4147175214038452,0.5,0.12613874116333118,,,-0.08082685086169318,,LearningParams_Fit_alpha_neg-exp_neg_Fix_alpha_pos-beta-exp_pos_
4,37,117.5998565342728,200085.0,0.3189882846247012,0.05,1.0,0.018790659027181245,0.5,0.1261388043833857,,,-0.08082714817227074,,LearningParams_Fit_alpha_neg-exp_neg_Fix_alpha_pos-beta-exp_pos_
5,28,117.59985653427324,200085.0,0.5285260062224503,0.05,1.0,0.027815221703704096,0.5,0.12613868204095086,,,-0.08082677095853727,,LearningParams_Fit_alpha_neg-exp_neg_Fix_alpha_pos-beta-exp_pos_
6,17,117.59985653427343,200085.0,0.024821031342255658,0.05,1.0,0.5929449955613252,0.5,0.12613880083666806,,,-0.0808271883216793,,LearningParams_Fit_alpha_neg-exp_neg_Fix_alpha_pos-beta-exp_pos_
7,16,117.5998565342738,200085.0,0.33891092574249404,0.05,1.0,0.7936219196526392,0.5,0.1261388132159807,,,-0.08082703376304051,,LearningParams_Fit_alpha_neg-exp_neg_Fix_alpha_pos-beta-exp_pos_
8,49,117.59985653427384,200085.0,0.2308198559812565,0.05,1.0,0.2775646013935047,0.5,0.12613867029162354,,,-0.08082670671105206,,LearningParams_Fit_alpha_neg-exp_neg_Fix_alpha_pos-beta-exp_pos_
9,4,117.59985653427431,200085.0,0.7127830499897965,0.05,1.0,0.6682428752679096,0.5,0.12613868424438934,,,-0.08082668076020039,,LearningParams_Fit_alpha_neg-exp_neg_Fix_alpha_pos-beta-exp_pos_
10,15,117.59985653427435,200085.0,0.21215488677085906,0.05,1.0,0.8461273407101754,0.5,0.1261386535495228,,,-0.08082672125176565,,LearningParams_Fit_alpha_neg-exp_neg_Fix_alpha_pos-beta-exp_pos_
11,31,117.59985653427437,200085.0,0.2029747075185796,0.05,1.0,0.4036014427264421,0.5,0.1261388396991132,,,-0.08082712967652766,,LearningParams_Fit_alpha_neg-exp_neg_Fix_alpha_pos-beta-exp_pos_
12,22,117.59985653427441,200085.0,0.9608495661741914,0.05,1.0,0.8177219464408398,0.5,0.12613881092548596,,,-0.08082725583099704,,LearningParams_Fit_alpha_neg-exp_neg_Fix_alpha_pos-beta-exp_pos_
13,24,117.5998565342746,200085.0,0.3489857972135122,0.05,1.0,0.4130464000332124,0.5,0.12613884803951694,,,-0.08082729350874228,,LearningParams_Fit_alpha_neg-exp_neg_Fix_alpha_pos-beta-exp_pos_
14,14,117.59985653427479,200085.0,0.481236497962025,0.05,1.0,0.2107411025476511,0.5,0.12613882731726433,,,-0.08082704529170608,,LearningParams_Fit_alpha_neg-exp_neg_Fix_alpha_pos-beta-exp_pos_
15,27,117.59985653427486,200085.0,0.07186076254789442,0.05,1.0,0.8213382287262251,0.5,0.12613885747252426,,,-0.0808272893010045,,LearningParams_Fit_alpha_neg-exp_neg_Fix_alpha_pos-beta-exp_pos_
16,35,117.59985653427492,200085.0,0.3681172390110013,0.05,1.0,0.4245571403390453,0.5,0.12613871986370273,,,-0.08082705915727445,,LearningParams_Fit_alpha_neg-exp_neg_Fix_alpha_pos-beta-exp_pos_
17,48,117.59985653427505,200085.0,0.8961941613834956,0.05,1.0,0.5670753335137041,0.5,0.12613865995174067,,,-0.08082682704119894,,LearningParams_Fit_alpha_neg-exp_neg_Fix_alpha_pos-beta-exp_pos_
18,8,117.59985653427513,200085.0,0.9803657309684308,0.05,1.0,0.012335612073174572,0.5,0.1261388637809645,,,-0.08082729346659816,,LearningParams_Fit_alpha_neg-exp_neg_Fix_alpha_pos-beta-exp_pos_
19,11,117.5998565342752,200085.0,0.015104629980825068,0.05,1.0,0.40379138128562586,0.5,0.12613873372125514,,,-0.08082710468861105,,LearningParams_Fit_alpha_neg-exp_neg_Fix_alpha_pos-beta-exp_pos_
20,30,117.59985653427526,200085.0,0.5431407326565171,0.05,1.0,0.8747809435123214,0.5,0.12613864780997824,,,-0.08082677103456395,,LearningParams_Fit_alpha_neg-exp_neg_Fix_alpha_pos-beta-exp_pos_
21,3,117.5998565342753,200085.0,0.5799796446619478,0.05,1.0,0.18869646377903404,0.5,0.1261388483817866,,,-0.08082711762726731,,LearningParams_Fit_alpha_neg-exp_neg_Fix_alpha_pos-beta-exp_pos_
22,47,117.59985653427536,200085.0,0.4925581900961424,0.05,1.0,0.3369829141715458,0.5,0.12613871339988095,,,-0.08082705049904483,,LearningParams_Fit_alpha_neg-exp_neg_Fix_alpha_pos-beta-exp_pos_
23,43,117.59985653427557,200085.0,0.5909260203196366,0.05,1.0,0.3579694871470676,0.5,0.12613863071941409,,,-0.08082665761284755,,LearningParams_Fit_alpha_neg-exp_neg_Fix_alpha_pos-beta-exp_pos_
24,36,117.59985653427609,200085.0,0.5827543076670937,0.05,1.0,0.20801790376198528,0.5,0.1261387426221614,,,-0.08082672882033848,,LearningParams_Fit_alpha_neg-exp_neg_Fix_alpha_pos-beta-exp_pos_
25,25,117.59985653427616,200085.0,0.10989164069208412,0.05,1.0,0.13775033556472516,0.5,0.1261386458829465,,,-0.08082656360851828,,LearningParams_Fit_alpha_neg-exp_neg_Fix_alpha_pos-beta-exp_pos_
26,6,117.5998565342765,200085.0,0.2264515808401641,0.05,1.0,0.7668600096322867,0.5,0.12613886125799714,,,-0.08082712520109298,,LearningParams_Fit_alpha_neg-exp_neg_Fix_alpha_pos-beta-exp_pos_
27,26,117.599856534277,200085.0,0.7382257966867762,0.05,1.0,0.021043330599300858,0.5,0.12613882201970145,,,-0.08082694827292991,,LearningParams_Fit_alpha_neg-exp_neg_Fix_alpha_pos-beta-exp_pos_
28,9,117.59985653427715,200085.0,0.5638918332100984,0.05,1.0,0.64469827368093,0.5,0.12613889420398505,,,-0.08082729014855243,,LearningParams_Fit_alpha_neg-exp_neg_Fix_alpha_pos-beta-exp_pos_
29,0,117.5998565342773,200085.0,0.07128500528003368,0.05,1.0,0.0447726228629034,0.5,0.12613886223399962,,,-0.08082742810134921,,LearningParams_Fit_alpha_neg-exp_neg_Fix_alpha_pos-beta-exp_pos_
30,44,117.59985653427741,200085.0,0.028601859883760076,0.05,1.0,0.6826700749564296,0.5,0.12613860196232346,,,-0.08082656611620229,,LearningParams_Fit_alpha_neg-exp_neg_Fix_alpha_pos-beta-exp_pos_
31,46,117.59985653427755,200085.0,0.0580708053949528,0.05,1.0,0.7672484038913341,0.5,0.12613890024324853,,,-0.08082732083384468,,LearningParams_Fit_alpha_neg-exp_neg_Fix_alpha_pos-beta-exp_pos_
32,41,117.59985653427759,200085.0,0.2440173360580579,0.05,1.0,0.07018129589402923,0.5,0.12613888725510808,,,-0.08082745185990542,,LearningParams_Fit_alpha_neg-exp_neg_Fix_alpha_pos-beta-exp_pos_
33,13,117.59985653427769,200085.0,0.4628700353303261,0.05,1.0,0.41937203173032456,0.5,0.12613864602910568,,,-0.08082650655138557,,LearningParams_Fit_alpha_neg-exp_neg_Fix_alpha_pos-beta-exp_pos_
34,18,117.59985653427783,200085.0,0.8036911763270012,0.05,1.0,0.19379176154847236,0.5,0.12613861026472722,,,-0.0808264881633862,,LearningParams_Fit_alpha_neg-exp_neg_Fix_alpha_pos-beta-exp_pos_
35,38,117.59985653427844,200085.0,0.3048879068914667,0.05,1.0,0.8584541153595845,0.5,0.12613870741418146,,,-0.08082711282074254,,LearningParams_Fit_alpha_neg-exp_neg_Fix_alpha_pos-beta-exp_pos_
36,29,117.59985653427856,200085.0,0.3953287914201296,0.05,1.0,0.641085986166905,0.5,0.12613885214192688,,,-0.08082701941545481,,LearningParams_Fit_alpha_neg-exp_neg_Fix_alpha_pos-beta-exp_pos_
37,23,117.59985653427877,200085.0,0.6651787584247106,0.05,1.0,0.8791233726459188,0.5,0.1261386472516285,,,-0.08082647448017226,,LearningParams_Fit_alpha_neg-exp_neg_Fix_alpha_pos-beta-exp_pos_
38,12,117.59985653427955,200085.0,0.407417382470536,0.05,1.0,0.4336583682262459,0.5,0.12613885288142354,,,-0.08082699486295426,,LearningParams_Fit_alpha_neg-exp_neg_Fix_alpha_pos-beta-exp_pos_
39,32,117.59985653428001,200085.0,0.8531063686940413,0.05,1.0,0.7755813898197527,0.5,0.12613878946130042,,,-0.08082677608734784,,LearningParams_Fit_alpha_neg-exp_neg_Fix_alpha_pos-beta-exp_pos_
40,10,117.59985653428144,200085.0,0.6995223757801964,0.05,1.0,0.23238658832961634,0.5,0.12613870491938173,,,-0.08082716153730098,,LearningParams_Fit_alpha_neg-exp_neg_Fix_alpha_pos-beta-exp_pos_
41,39,117.5998565342819,200085.0,0.7262839488873502,0.05,1.0,0.04288419169956792,0.5,0.1261388982317341,,,-0.08082712568740621,,LearningParams_Fit_alpha_neg-exp_neg_Fix_alpha_pos-beta-exp_pos_
42,42,117.599856534283,200085.0,0.18295816665579398,0.05,1.0,0.5251542808613189,0.5,0.1261388260566329,,,-0.08082683665073673,,LearningParams_Fit_alpha_neg-exp_neg_Fix_alpha_pos-beta-exp_pos_
43,33,117.59985653428309,200085.0,0.33573544517390264,0.05,1.0,0.7767494359259842,0.5,0.1261388395260628,,,-0.0808275279225912,,LearningParams_Fit_alpha_neg-exp_neg_Fix_alpha_pos-beta-exp_pos_
44,40,117.5998565342835,200085.0,0.8522182365742597,0.05,1.0,0.9530182774891288,0.5,0.12613858745748882,,,-0.08082677081815677,,LearningParams_Fit_alpha_neg-exp_neg_Fix_alpha_pos-beta-exp_pos_
45,21,117.59985653428451,200085.0,0.5777121764061394,0.05,1.0,0.14078781380980832,0.5,0.12613897658987566,,,-0.0808274936994888,,LearningParams_Fit_alpha_neg-exp_neg_Fix_alpha_pos-beta-exp_pos_
46,19,117.5998565342855,200085.0,0.11099666958114553,0.05,1.0,0.7146238850173491,0.5,0.12613873787142038,,,-0.08082732175432193,,LearningParams_Fit_alpha_neg-exp_neg_Fix_alpha_pos-beta-exp_pos_
47,1,117.59985653429173,200085.0,0.15995859785114594,0.05,1.0,0.918510698458586,0.5,0.12613885533007446,,,-0.08082768779452645,,LearningParams_Fit_alpha_neg-exp_neg_Fix_alpha_pos-beta-exp_pos_
48,7,117.5998565342991,200085.0,0.7514877417026524,0.05,1.0,0.2781437133663658,0.5,0.12613887287716466,,,-0.08082781028454966,,LearningParams_Fit_alpha_neg-exp_neg_Fix_alpha_pos-beta-exp_pos_
49,34,117.59985653430063,200085.0,0.2307032451209577,0.05,1.0,0.9808276169057122,0.5,0.12613849085364748,,,-0.0808266518681093,,LearningParams_Fit_alpha_neg-exp_neg_Fix_alpha_pos-beta-exp_pos_
0,14,23.528960372411213,100241.0,0.8192446632304584,0.05,1.0,0.18659439661736887,0.5,-1.4979304753734863,,,-0.12417055010511112,,LearningParams_Fit_alpha_neg-exp_neg_Fix_alpha_pos-beta-exp_pos_
1,5,23.52896051029053,100241.0,0.9627855665768296,0.05,1.0,0.15360410076329234,0.5,-1.4972489545162724,,,-0.1240972696287828,,LearningParams_Fit_alpha_neg-exp_neg_Fix_alpha_pos-beta-exp_pos_
2,11,23.52896084929565,100241.0,0.2708858267827477,0.05,1.0,0.06876711348881104,0.5,-1.4994806943886514,,,-0.12433711369575025,,LearningParams_Fit_alpha_neg-exp_neg_Fix_alpha_pos-beta-exp_pos_
3,34,23.52896110566639,100241.0,0.4686158753838998,0.05,1.0,0.20786317864773585,0.5,-1.4962400347017863,,,-0.12398872422043522,,LearningParams_Fit_alpha_neg-exp_neg_Fix_alpha_pos-beta-exp_pos_
4,1,23.52896253314107,100241.0,0.7387246786899856,0.05,1.0,0.13634434936320095,0.5,-1.501110046673728,,,-0.12451199401700948,,LearningParams_Fit_alpha_neg-exp_neg_Fix_alpha_pos-beta-exp_pos_
5,23,23.528971907168174,100241.0,0.6856061574478364,0.05,1.0,0.023655224097995697,0.5,-1.490947804322475,,,-0.12341815305216315,,LearningParams_Fit_alpha_neg-exp_neg_Fix_alpha_pos-beta-exp_pos_
6,31,23.529053711624325,100241.0,0.6175834524075902,0.05,1.0,0.005621551646251889,0.5,-1.4779599484556094,,,-0.12200926620922906,,LearningParams_Fit_alpha_neg-exp_neg_Fix_alpha_pos-beta-exp_pos_
7,20,23.529122470470014,100241.0,0.6514344415194738,0.05,1.0,0.0953582562860743,0.5,-1.4716314367743824,,,-0.12131827402144645,,LearningParams_Fit_alpha_neg-exp_neg_Fix_alpha_pos-beta-exp_pos_
8,18,23.52977639670693,100241.0,0.4866931455294423,0.05,1.0,0.18125874409861387,0.5,-1.4393859444951411,,,-0.11775068575399054,,LearningParams_Fit_alpha_neg-exp_neg_Fix_alpha_pos-beta-exp_pos_
9,0,39.05285945258734,100241.0,0.6068184018665544,0.05,1.0,0.7208601984660417,0.5,4.7780208366403984,,,-31.696412997112137,,LearningParams_Fit_alpha_neg-exp_neg_Fix_alpha_pos-beta-exp_pos_
10,30,39.05285945258734,100241.0,0.5070963968809028,0.05,1.0,0.8345406408724588,0.5,3.1073891634551334,,,-26.812959510515565,,LearningParams_Fit_alpha_neg-exp_neg_Fix_alpha_pos-beta-exp_pos_
11,32,39.05285945258734,100241.0,0.21070235466851506,0.05,1.0,0.5546483650978562,0.5,1.6590469864437538,,,-24.38803485852713,,LearningParams_Fit_alpha_neg-exp_neg_Fix_alpha_pos-beta-exp_pos_
12,33,39.05285945258734,100241.0,0.1900403052119558,0.05,1.0,0.3216192600352493,0.5,2.5179006539516355,,,-24.215598226937715,,LearningParams_Fit_alpha_neg-exp_neg_Fix_alpha_pos-beta-exp_pos_
13,35,39.05285945258734,100241.0,0.9740994441245886,0.05,1.0,0.8350359351127298,0.5,8.25439882961935,,,-29.567285100102,,LearningParams_Fit_alpha_neg-exp_neg_Fix_alpha_pos-beta-exp_pos_
14,37,39.05285945258734,100241.0,0.022764333669789468,0.05,1.0,0.9805347016522004,0.5,0.12335256576357805,,,-25.350556496045836,,LearningParams_Fit_alpha_neg-exp_neg_Fix_alpha_pos-beta-exp_pos_
15,38,39.05285945258734,100241.0,0.5919997923771404,0.05,1.0,0.7399820212227517,0.5,3.627660837102102,,,-23.774885250420642,,LearningParams_Fit_alpha_neg-exp_neg_Fix_alpha_pos-beta-exp_pos_
16,39,39.05285945258734,100241.0,0.06031090904919656,0.05,1.0,0.5994632517872689,0.5,0.4748814130016314,,,-26.35855724268582,,LearningParams_Fit_alpha_neg-exp_neg_Fix_alpha_pos-beta-exp_pos_
17,40,39.05285945258734,100241.0,0.9211480768185974,0.05,1.0,0.6989613141492942,0.5,7.25301785696095,,,-30.73351327958489,,LearningParams_Fit_alpha_neg-exp_neg_Fix_alpha_pos-beta-exp_pos_
18,41,39.05285945258734,100241.0,0.7845381808310178,0.05,1.0,0.9272726373461316,0.5,4.251158806085537,,,-23.97352928016872,,LearningParams_Fit_alpha_neg-exp_neg_Fix_alpha_pos-beta-exp_pos_
19,42,39.05285945258734,100241.0,0.13695471795293312,0.05,1.0,0.8750348952644612,0.5,0.7421133470443133,,,-22.622984695019483,,LearningParams_Fit_alpha_neg-exp_neg_Fix_alpha_pos-beta-exp_pos_
20,43,39.05285945258734,100241.0,0.3768167083587963,0.05,1.0,0.988010801256174,0.5,2.0418479395392035,,,-25.54384214423469,,LearningParams_Fit_alpha_neg-exp_neg_Fix_alpha_pos-beta-exp_pos_
21,44,39.05285945258734,100241.0,0.5257913412883481,0.05,1.0,0.6688657541700168,0.5,4.140022742674295,,,-29.410203571943327,,LearningParams_Fit_alpha_neg-exp_neg_Fix_alpha_pos-beta-exp_pos_
22,45,39.05285945258734,100241.0,0.4365175767765896,0.05,1.0,0.8181812039844032,0.5,2.674895732007808,,,-26.287347098835234,,LearningParams_Fit_alpha_neg-exp_neg_Fix_alpha_pos-beta-exp_pos_
23,46,39.05285945258734,100241.0,0.011828617859390156,0.05,1.0,0.5946336759916913,0.5,0.09313722594268367,,,-26.146199521530924,,LearningParams_Fit_alpha_neg-exp_neg_Fix_alpha_pos-beta-exp_pos_
24,47,39.05285945258734,100241.0,0.5332469540012993,0.05,1.0,0.7494493409024399,0.5,3.2676347465711837,,,-24.07906080139098,,LearningParams_Fit_alpha_neg-exp_neg_Fix_alpha_pos-beta-exp_pos_
25,29,39.05285945258734,100241.0,0.6521602615264639,0.05,1.0,0.8926481389420251,0.5,3.9963126182088433,,,-28.67989554297513,,LearningParams_Fit_alpha_neg-exp_neg_Fix_alpha_pos-beta-exp_pos_
26,28,39.05285945258734,100241.0,0.920403439266538,0.05,1.0,0.6042387963385252,0.5,7.2471546634112824,,,-26.568539195781327,,LearningParams_Fit_alpha_neg-exp_neg_Fix_alpha_pos-beta-exp_pos_
27,24,39.05285945258734,100241.0,0.8040402969551189,0.05,1.0,0.9111382655743561,0.5,4.3568344694554595,,,-23.55639432060075,,LearningParams_Fit_alpha_neg-exp_neg_Fix_alpha_pos-beta-exp_pos_
28,26,39.05285945258734,100241.0,0.3938909493190241,0.05,1.0,0.5761291099768447,0.5,3.1014536761267806,,,-25.33254887472471,,LearningParams_Fit_alpha_neg-exp_neg_Fix_alpha_pos-beta-exp_pos_
29,2,39.05285945258734,100241.0,0.08342485285682555,0.05,1.0,0.6064640878514247,0.5,0.6568780445970013,,,-26.666385850350352,,LearningParams_Fit_alpha_neg-exp_neg_Fix_alpha_pos-beta-exp_pos_
30,3,39.05285945258734,100241.0,0.8009861211113455,0.05,1.0,0.3891767427181783,0.5,7.576317206516366,,,-25.90167426396343,,LearningParams_Fit_alpha_neg-exp_neg_Fix_alpha_pos-beta-exp_pos_
31,4,39.05285945258734,100241.0,0.4283038194476732,0.05,1.0,0.8664419125475891,0.5,2.6245634072819715,,,-27.837915592780284,,LearningParams_Fit_alpha_neg-exp_neg_Fix_alpha_pos-beta-exp_pos_
32,6,39.05285945258734,100241.0,0.9918353997240846,0.05,1.0,0.5700645577404615,0.5,7.809602002546611,,,-25.065888913838943,,LearningParams_Fit_alpha_neg-exp_neg_Fix_alpha_pos-beta-exp_pos_
33,7,39.05285945258734,100241.0,0.053644885540769405,0.05,1.0,0.5435334086884638,0.5,0.42239388275729495,,,-23.899307294504748,,LearningParams_Fit_alpha_neg-exp_neg_Fix_alpha_pos-beta-exp_pos_
34,8,39.05285945258734,100241.0,0.11538016456544442,0.05,1.0,0.44053791993278707,0.5,1.1477777081075118,,,-24.274693409687053,,LearningParams_Fit_alpha_neg-exp_neg_Fix_alpha_pos-beta-exp_pos_
35,9,39.05285945258734,100241.0,0.5597120286093306,0.05,1.0,0.8010071033830396,0.5,4.742930859619476,,,-28.362378667854514,,LearningParams_Fit_alpha_neg-exp_neg_Fix_alpha_pos-beta-exp_pos_
36,10,39.05285945258734,100241.0,0.4816719252814416,0.05,1.0,0.6194829730638133,0.5,3.7926313512251113,,,-27.238829665852887,,LearningParams_Fit_alpha_neg-exp_neg_Fix_alpha_pos-beta-exp_pos_
37,12,39.05285945258734,100241.0,0.7740519687830008,0.05,1.0,0.4787227550341222,0.5,7.700106842731301,,,-26.37876918397178,,LearningParams_Fit_alpha_neg-exp_neg_Fix_alpha_pos-beta-exp_pos_
38,13,39.05285945258734,100241.0,0.8177720767903588,0.05,1.0,0.4656642892341018,0.5,8.135025319021526,,,-25.659216474991112,,LearningParams_Fit_alpha_neg-exp_neg_Fix_alpha_pos-beta-exp_pos_
39,15,39.05285945258734,100241.0,0.2457282664010677,0.05,1.0,0.9129908369304872,0.5,1.3315220458850026,,,-23.604290345848533,,LearningParams_Fit_alpha_neg-exp_neg_Fix_alpha_pos-beta-exp_pos_
40,16,39.05285945258734,100241.0,0.6181052934177077,0.05,1.0,0.8451996065618661,0.5,3.7876303252289514,,,-27.155421460787128,,LearningParams_Fit_alpha_neg-exp_neg_Fix_alpha_pos-beta-exp_pos_
41,17,39.05285945258734,100241.0,0.6975784356464579,0.05,1.0,0.5267542139536926,0.5,6.939364154202956,,,-29.02541748945805,,LearningParams_Fit_alpha_neg-exp_neg_Fix_alpha_pos-beta-exp_pos_
42,19,39.05285945258734,100241.0,0.29734568778207504,0.05,1.0,0.6134239600722696,0.5,2.341266987846496,,,-26.97241326702344,,LearningParams_Fit_alpha_neg-exp_neg_Fix_alpha_pos-beta-exp_pos_
43,21,39.05285945258734,100241.0,0.7204238484806486,0.05,1.0,0.3107039051382909,0.5,11.313903891507476,,,-29.02260449021514,,LearningParams_Fit_alpha_neg-exp_neg_Fix_alpha_pos-beta-exp_pos_
44,22,39.05285945258734,100241.0,0.3936908955775572,0.05,1.0,0.5529634871554694,0.5,3.0998784751402586,,,-24.31395033114543,,LearningParams_Fit_alpha_neg-exp_neg_Fix_alpha_pos-beta-exp_pos_
45,48,39.05285945258734,100241.0,0.14177227015853133,0.05,1.0,0.4335009444016285,0.5,1.410320846123049,,,-23.88693922140648,,LearningParams_Fit_alpha_neg-exp_neg_Fix_alpha_pos-beta-exp_pos_
46,25,39.05285945258734,100241.0,0.9624534023855691,0.05,1.0,0.8521954609784845,0.5,3.994463588670321,,,-24.4450270648567,,LearningParams_Fit_alpha_neg-exp_neg_Fix_alpha_pos-beta-exp_pos_
47,27,39.05285945258734,100241.0,0.3926214781570835,0.05,1.0,0.7826446192506266,0.5,2.4059088845223924,,,-25.145592029108897,,LearningParams_Fit_alpha_neg-exp_neg_Fix_alpha_pos-beta-exp_pos_
48,49,39.05285945258734,100241.0,0.6220066790176044,0.05,1.0,0.8129294017730043,0.5,3.811537265625537,,,-26.118611925070446,,LearningParams_Fit_alpha_neg-exp_neg_Fix_alpha_pos-beta-exp_pos_
49,36,184.31316044498985,100241.0,0.7057392372487983,0.05,1.0,0.2329826693818328,0.5,1.2819695902149686,,,-0.7591891676888446,,LearningParams_Fit_alpha_neg-exp_neg_Fix_alpha_pos-beta-exp_pos_
0,47,136.34667148179014,100009.0,0.10179491374916484,0.05,1.0,0.8411522617143743,0.5,0.21519891616232312,,,0.021178748772129285,,LearningParams_Fit_alpha_neg-exp_neg_Fix_alpha_pos-beta-exp_pos_
1,34,136.34667148179156,100009.0,0.978299503340857,0.05,1.0,0.12333265984466413,0.5,0.21519894723609495,,,0.02117871052401272,,LearningParams_Fit_alpha_neg-exp_neg_Fix_alpha_pos-beta-exp_pos_
2,30,136.34667148179258,100009.0,0.5032348607702998,0.05,1.0,0.7757241279593222,0.5,0.21519891641349453,,,0.021178684922034532,,LearningParams_Fit_alpha_neg-exp_neg_Fix_alpha_pos-beta-exp_pos_
3,8,136.34667148179307,100009.0,0.4591546462047434,0.05,1.0,0.17166983105536449,0.5,0.21519869817716847,,,0.021179125476626724,,LearningParams_Fit_alpha_neg-exp_neg_Fix_alpha_pos-beta-exp_pos_
4,1,136.34667148179372,100009.0,0.7437002614666559,0.05,1.0,0.6100255208294181,0.5,0.2151989453140528,,,0.021178823171504005,,LearningParams_Fit_alpha_neg-exp_neg_Fix_alpha_pos-beta-exp_pos_
5,36,136.34667148179486,100009.0,0.09810540106486064,0.05,1.0,0.8959317976337334,0.5,0.21519878822042465,,,0.021178818318950958,,LearningParams_Fit_alpha_neg-exp_neg_Fix_alpha_pos-beta-exp_pos_
6,15,136.34667148179585,100009.0,0.431103663261766,0.05,1.0,0.3617421098523788,0.5,0.21519892560364207,,,0.021178633988385133,,LearningParams_Fit_alpha_neg-exp_neg_Fix_alpha_pos-beta-exp_pos_
7,13,136.34667148179614,100009.0,0.6463059715084984,0.05,1.0,0.1991010994746472,0.5,0.2151986932435648,,,0.021179192483445547,,LearningParams_Fit_alpha_neg-exp_neg_Fix_alpha_pos-beta-exp_pos_
8,16,136.34667148179622,100009.0,0.2561967588231685,0.05,1.0,0.017161944741655222,0.5,0.21519882997581732,,,0.02117874197581985,,LearningParams_Fit_alpha_neg-exp_neg_Fix_alpha_pos-beta-exp_pos_
9,17,136.34667148179673,100009.0,0.2206014846742057,0.05,1.0,0.16090190474435084,0.5,0.21519866073184216,,,0.021179077570041387,,LearningParams_Fit_alpha_neg-exp_neg_Fix_alpha_pos-beta-exp_pos_
10,23,136.34667148179713,100009.0,0.011880234766815878,0.05,1.0,0.5168280726461572,0.5,0.21519868333765876,,,0.02117920878974652,,LearningParams_Fit_alpha_neg-exp_neg_Fix_alpha_pos-beta-exp_pos_
11,5,136.34667148179716,100009.0,0.8600284789008807,0.05,1.0,0.4458675214705834,0.5,0.215198887484716,,,0.02117897903185777,,LearningParams_Fit_alpha_neg-exp_neg_Fix_alpha_pos-beta-exp_pos_
12,18,136.34667148179918,100009.0,0.3645350996694479,0.05,1.0,0.5803513229713565,0.5,0.2151987847427589,,,0.021179143746100297,,LearningParams_Fit_alpha_neg-exp_neg_Fix_alpha_pos-beta-exp_pos_
13,45,136.3466714817994,100009.0,0.7212938395745455,0.05,1.0,0.2070126028834065,0.5,0.21519901495229693,,,0.021178544456827285,,LearningParams_Fit_alpha_neg-exp_neg_Fix_alpha_pos-beta-exp_pos_
14,43,136.34667148179946,100009.0,0.8055319999840345,0.05,1.0,0.47480934345891995,0.5,0.21519871662204684,,,0.021179216632952896,,LearningParams_Fit_alpha_neg-exp_neg_Fix_alpha_pos-beta-exp_pos_
15,37,136.3466714818006,100009.0,0.7445436256777266,0.05,1.0,0.6065538976812065,0.5,0.2151986332301932,,,0.02117909040583746,,LearningParams_Fit_alpha_neg-exp_neg_Fix_alpha_pos-beta-exp_pos_
16,38,136.34667148180142,100009.0,0.1522564879374485,0.05,1.0,0.9409631138164144,0.5,0.21519873933256567,,,0.021178841696463373,,LearningParams_Fit_alpha_neg-exp_neg_Fix_alpha_pos-beta-exp_pos_
17,44,136.34667148180168,100009.0,0.5241067452439259,0.05,1.0,0.6113697831189472,0.5,0.21519885801811967,,,0.021179063602216032,,LearningParams_Fit_alpha_neg-exp_neg_Fix_alpha_pos-beta-exp_pos_
18,9,136.34667148180253,100009.0,0.7410717376463507,0.05,1.0,0.5209608500653675,0.5,0.2151990474386188,,,0.021178684313511983,,LearningParams_Fit_alpha_neg-exp_neg_Fix_alpha_pos-beta-exp_pos_
19,27,136.34667148180515,100009.0,0.8860644380943443,0.05,1.0,0.8211536291301261,0.5,0.215198730605135,,,0.021178828618925262,,LearningParams_Fit_alpha_neg-exp_neg_Fix_alpha_pos-beta-exp_pos_
20,2,136.34667148180634,100009.0,0.5647549301265652,0.05,1.0,0.3138439202590323,0.5,0.21519869868610714,,,0.021179291354414303,,LearningParams_Fit_alpha_neg-exp_neg_Fix_alpha_pos-beta-exp_pos_
21,10,136.34667148180674,100009.0,0.11143895204066034,0.05,1.0,0.6748837225417437,0.5,0.21519910264084727,,,0.02117851664614621,,LearningParams_Fit_alpha_neg-exp_neg_Fix_alpha_pos-beta-exp_pos_
22,40,136.34667148180674,100009.0,0.2566199512411753,0.05,1.0,0.0672457860976744,0.5,0.21519888955596608,,,0.021178581458034564,,LearningParams_Fit_alpha_neg-exp_neg_Fix_alpha_pos-beta-exp_pos_
23,4,136.34667148180782,100009.0,0.8154194967412898,0.05,1.0,0.223744200451286,0.5,0.21519886430444152,,,0.021178605631894,,LearningParams_Fit_alpha_neg-exp_neg_Fix_alpha_pos-beta-exp_pos_
24,6,136.34667148180827,100009.0,0.4264900493209036,0.05,1.0,0.4488327658561311,0.5,0.21519899685978194,,,0.02117846148500481,,LearningParams_Fit_alpha_neg-exp_neg_Fix_alpha_pos-beta-exp_pos_
25,29,136.3466714818104,100009.0,0.3191795349752489,0.05,1.0,0.24357659500821016,0.5,0.2151989906769914,,,0.02117889397099024,,LearningParams_Fit_alpha_neg-exp_neg_Fix_alpha_pos-beta-exp_pos_
26,21,136.3466714818114,100009.0,0.7240194345668722,0.05,1.0,0.9980283179062832,0.5,0.21519866326288764,,,0.02117891210144831,,LearningParams_Fit_alpha_neg-exp_neg_Fix_alpha_pos-beta-exp_pos_
27,24,136.34667148181413,100009.0,0.08510863984451245,0.05,1.0,0.2267356570268898,0.5,0.21519851228736336,,,0.021179358380738682,,LearningParams_Fit_alpha_neg-exp_neg_Fix_alpha_pos-beta-exp_pos_
28,0,136.3466714818143,100009.0,0.9016250092990248,0.05,1.0,0.3739416803584332,0.5,0.21519869720532947,,,0.02117882955696644,,LearningParams_Fit_alpha_neg-exp_neg_Fix_alpha_pos-beta-exp_pos_
29,35,136.34667148181506,100009.0,0.1153876309990186,0.05,1.0,0.1105751680658631,0.5,0.2151986283439936,,,0.02117895937050997,,LearningParams_Fit_alpha_neg-exp_neg_Fix_alpha_pos-beta-exp_pos_
30,49,136.34667148181546,100009.0,0.19745784556971435,0.05,1.0,0.3964502709684762,0.5,0.2151987398295349,,,0.02117874804600542,,LearningParams_Fit_alpha_neg-exp_neg_Fix_alpha_pos-beta-exp_pos_
31,39,136.34667148181592,100009.0,0.5387269346110795,0.05,1.0,0.4708805537994098,0.5,0.2151985020570548,,,0.021179352865953502,,LearningParams_Fit_alpha_neg-exp_neg_Fix_alpha_pos-beta-exp_pos_
32,42,136.34667148181606,100009.0,0.5118240308042332,0.05,1.0,0.4714398469842409,0.5,0.2151985437517091,,,0.02117916012043496,,LearningParams_Fit_alpha_neg-exp_neg_Fix_alpha_pos-beta-exp_pos_
33,14,136.34667148181754,100009.0,0.2449341168398662,0.05,1.0,0.5022633564299926,0.5,0.21519917155075904,,,0.021178445439949213,,LearningParams_Fit_alpha_neg-exp_neg_Fix_alpha_pos-beta-exp_pos_
34,26,136.34667148181856,100009.0,0.4562042985069564,0.05,1.0,0.6822531329755183,0.5,0.21519891437661506,,,0.021179078028141226,,LearningParams_Fit_alpha_neg-exp_neg_Fix_alpha_pos-beta-exp_pos_
35,41,136.34667148182103,100009.0,0.05095744344082598,0.05,1.0,0.8757386371576019,0.5,0.2151988953740293,,,0.021179121661069344,,LearningParams_Fit_alpha_neg-exp_neg_Fix_alpha_pos-beta-exp_pos_
36,20,136.34667148182137,100009.0,0.15184721094997933,0.05,1.0,0.9036982448253424,0.5,0.2151986013574136,,,0.021178975981839997,,LearningParams_Fit_alpha_neg-exp_neg_Fix_alpha_pos-beta-exp_pos_
37,28,136.34667148182209,100009.0,0.8019640944451304,0.05,1.0,0.5902893834784155,0.5,0.21519876066783972,,,0.02117931470473932,,LearningParams_Fit_alpha_neg-exp_neg_Fix_alpha_pos-beta-exp_pos_
38,22,136.34667148182268,100009.0,0.03969342629635342,0.05,1.0,0.3365887784093424,0.5,0.21519919168556886,,,0.021178318587462414,,LearningParams_Fit_alpha_neg-exp_neg_Fix_alpha_pos-beta-exp_pos_
39,32,136.34667148182407,100009.0,0.3672547938822355,0.05,1.0,0.08709703367247679,0.5,0.21519874877257375,,,0.021178689395943917,,LearningParams_Fit_alpha_neg-exp_neg_Fix_alpha_pos-beta-exp_pos_
40,46,136.34667148182538,100009.0,0.3590708155732294,0.05,1.0,0.16183719303757216,0.5,0.21519920856228905,,,0.02117830282344581,,LearningParams_Fit_alpha_neg-exp_neg_Fix_alpha_pos-beta-exp_pos_
41,33,136.3466714818273,100009.0,0.8626524223807625,0.05,1.0,0.6673245030908745,0.5,0.21519868323364166,,,0.02117878497868845,,LearningParams_Fit_alpha_neg-exp_neg_Fix_alpha_pos-beta-exp_pos_
42,7,136.34667148183314,100009.0,0.0707722721482349,0.05,1.0,0.3763270282471193,0.5,0.21519841303417306,,,0.0211794543405349,,LearningParams_Fit_alpha_neg-exp_neg_Fix_alpha_pos-beta-exp_pos_
43,3,136.34667148184346,100009.0,0.9796262618667496,0.05,1.0,0.8420883699382835,0.5,0.21519884740939968,,,0.02117928780526881,,LearningParams_Fit_alpha_neg-exp_neg_Fix_alpha_pos-beta-exp_pos_
44,19,136.34667148184414,100009.0,0.8928461858184229,0.05,1.0,0.2336932626733044,0.5,0.21519877419320546,,,0.021179390567468048,,LearningParams_Fit_alpha_neg-exp_neg_Fix_alpha_pos-beta-exp_pos_
45,25,136.34667148184693,100009.0,0.4040543890293527,0.05,1.0,0.952283295894511,0.5,0.21519930575654636,,,0.02117829965303051,,LearningParams_Fit_alpha_neg-exp_neg_Fix_alpha_pos-beta-exp_pos_
46,12,136.34667148188146,100009.0,0.15873688119671034,0.05,1.0,0.6736478817090216,0.5,0.2151982688696663,,,0.021179495679767846,,LearningParams_Fit_alpha_neg-exp_neg_Fix_alpha_pos-beta-exp_pos_
47,31,166.19307187738266,100009.0,0.9599952863363,0.05,1.0,0.4681669062723946,0.5,1.0432211924375965,,,-0.4022883529084827,,LearningParams_Fit_alpha_neg-exp_neg_Fix_alpha_pos-beta-exp_pos_
48,48,166.5387851039759,100009.0,0.8674847664466988,0.05,1.0,0.3632449760406273,0.5,1.0809244028888627,,,-0.4368250047795103,,LearningParams_Fit_alpha_neg-exp_neg_Fix_alpha_pos-beta-exp_pos_
49,11,167.52396993586402,100009.0,0.904297351067764,0.05,1.0,0.9058401428969962,0.5,1.1782043594441824,,,-0.4174250572339845,,LearningParams_Fit_alpha_neg-exp_neg_Fix_alpha_pos-beta-exp_pos_
0,8,64.52613591787936,408662.0,0.8181356516092958,0.05,1.0,0.1780235922502007,0.5,0.008530735172132948,,,0.8737586680874281,,LearningParams_Fit_alpha_neg-exp_neg_Fix_alpha_pos-beta-exp_pos_
1,40,64.52613591787974,408662.0,0.8133307104456575,0.05,1.0,0.11370946267954984,0.5,0.008530711955204658,,,0.8737591262703379,,LearningParams_Fit_alpha_neg-exp_neg_Fix_alpha_pos-beta-exp_pos_
2,2,64.52613591787984,408662.0,0.502974810210877,0.05,1.0,0.10932563081928737,0.5,0.008530738911604208,,,0.873758658673746,,LearningParams_Fit_alpha_neg-exp_neg_Fix_alpha_pos-beta-exp_pos_
3,17,64.52613591788047,408662.0,0.5415687690830975,0.05,1.0,0.06753628489963559,0.5,0.008530739228078635,,,0.8737586091277372,,LearningParams_Fit_alpha_neg-exp_neg_Fix_alpha_pos-beta-exp_pos_
4,29,64.52613591788075,408662.0,0.07132170967840579,0.05,1.0,0.9717201141531208,0.5,0.008530710405183595,,,0.8737592554469095,,LearningParams_Fit_alpha_neg-exp_neg_Fix_alpha_pos-beta-exp_pos_
5,32,64.52613591788096,408662.0,0.08452104203073696,0.05,1.0,0.5185045929858472,0.5,0.00853072401465662,,,0.8737590212903125,,LearningParams_Fit_alpha_neg-exp_neg_Fix_alpha_pos-beta-exp_pos_
6,44,64.52613591788173,408662.0,0.4583403969697617,0.05,1.0,0.15112850378551113,0.5,0.008530727351318025,,,0.873758783896829,,LearningParams_Fit_alpha_neg-exp_neg_Fix_alpha_pos-beta-exp_pos_
7,39,64.52613591788209,408662.0,0.9743342137532892,0.05,1.0,0.0492189060631163,0.5,0.008530741619185541,,,0.8737585725276107,,LearningParams_Fit_alpha_neg-exp_neg_Fix_alpha_pos-beta-exp_pos_
8,33,64.5261359178839,408662.0,0.29504903974073304,0.05,1.0,0.2549294368101491,0.5,0.008530737321083552,,,0.8737587483219649,,LearningParams_Fit_alpha_neg-exp_neg_Fix_alpha_pos-beta-exp_pos_
9,15,64.52613591788518,408662.0,0.967253774820452,0.05,1.0,0.11672214261245605,0.5,0.008530745186827539,,,0.8737585182099861,,LearningParams_Fit_alpha_neg-exp_neg_Fix_alpha_pos-beta-exp_pos_
10,26,64.52613591788528,408662.0,0.017852808978814028,0.05,1.0,0.5013005836564339,0.5,0.008530737907096176,,,0.8737587438825529,,LearningParams_Fit_alpha_neg-exp_neg_Fix_alpha_pos-beta-exp_pos_
11,12,64.52613591789435,408662.0,0.043816194745389225,0.05,1.0,0.4366764801979015,0.5,0.008530745615935458,,,0.8737584149196096,,LearningParams_Fit_alpha_neg-exp_neg_Fix_alpha_pos-beta-exp_pos_
12,45,64.52613591790008,408662.0,0.13316763903897122,0.05,1.0,0.22111077471074447,0.5,0.008530756469521127,,,0.8737583015802495,,LearningParams_Fit_alpha_neg-exp_neg_Fix_alpha_pos-beta-exp_pos_
13,24,64.52613591790093,408662.0,0.18561848967048866,0.05,1.0,0.26865046703411943,0.5,0.008530741887486929,,,0.8737587227247203,,LearningParams_Fit_alpha_neg-exp_neg_Fix_alpha_pos-beta-exp_pos_
14,27,64.52613591790447,408662.0,0.07404764115277518,0.05,1.0,0.8135194697541902,0.5,0.00853075555835899,,,0.8737583907621741,,LearningParams_Fit_alpha_neg-exp_neg_Fix_alpha_pos-beta-exp_pos_
15,36,109.36990983790326,408662.0,0.2792755820275854,0.05,1.0,0.7624886782277672,0.5,1.7113470388431518,,,-24.498001721251374,,LearningParams_Fit_alpha_neg-exp_neg_Fix_alpha_pos-beta-exp_pos_
16,38,109.36990983790326,408662.0,0.5833751996097987,0.05,1.0,0.9469957413272024,0.5,3.1611216352098266,,,-24.483446635369912,,LearningParams_Fit_alpha_neg-exp_neg_Fix_alpha_pos-beta-exp_pos_
17,35,109.36990983790326,408662.0,0.729972885712822,0.05,1.0,0.9561692255767666,0.5,3.955487109645428,,,-24.720616141295828,,LearningParams_Fit_alpha_neg-exp_neg_Fix_alpha_pos-beta-exp_pos_
18,41,109.36990983790326,408662.0,0.916542665298338,0.05,1.0,0.8818833462767836,0.5,5.255144832820212,,,-25.3483114792163,,LearningParams_Fit_alpha_neg-exp_neg_Fix_alpha_pos-beta-exp_pos_
19,34,109.36990983790326,408662.0,0.2561607093652877,0.05,1.0,0.8038822696151293,0.5,1.5697035460727904,,,-25.82793658062961,,LearningParams_Fit_alpha_neg-exp_neg_Fix_alpha_pos-beta-exp_pos_
20,42,109.36990983790326,408662.0,0.756009923230762,0.05,1.0,0.8307796466046896,0.5,4.632683366242827,,,-26.692122510995087,,LearningParams_Fit_alpha_neg-exp_neg_Fix_alpha_pos-beta-exp_pos_
21,46,109.36990983790326,408662.0,0.38005266438499374,0.05,1.0,0.623323020508652,0.5,2.9924925543894414,,,-27.407677564515012,,LearningParams_Fit_alpha_neg-exp_neg_Fix_alpha_pos-beta-exp_pos_
22,31,109.36990983790326,408662.0,0.7363227869378435,0.05,1.0,0.9537892239583656,0.5,5.062938225419238,,,-22.93788568836748,,LearningParams_Fit_alpha_neg-exp_neg_Fix_alpha_pos-beta-exp_pos_
23,30,109.36990983790326,408662.0,0.3008474922885224,0.05,1.0,0.5587061142302611,0.5,1.5437163498960147,,,-24.583778321003145,,LearningParams_Fit_alpha_neg-exp_neg_Fix_alpha_pos-beta-exp_pos_
24,47,109.36990983790326,408662.0,0.2649909600460778,0.05,1.0,0.7731367572741498,0.5,1.6238136234561655,,,-24.840113894526585,,LearningParams_Fit_alpha_neg-exp_neg_Fix_alpha_pos-beta-exp_pos_
25,28,109.36990983790326,408662.0,0.3649173255730689,0.05,1.0,0.8155884554909927,0.5,2.236143167290302,,,-26.20404467236253,,LearningParams_Fit_alpha_neg-exp_neg_Fix_alpha_pos-beta-exp_pos_
26,37,109.36990983790326,408662.0,0.9528988183904328,0.05,1.0,0.8478722146993147,0.5,8.622524571605227,,,-28.12054312072084,,LearningParams_Fit_alpha_neg-exp_neg_Fix_alpha_pos-beta-exp_pos_
27,0,109.36990983790326,408662.0,0.8273712343052227,0.05,1.0,0.538965876055329,0.5,5.034481242572401,,,-27.667581660400423,,LearningParams_Fit_alpha_neg-exp_neg_Fix_alpha_pos-beta-exp_pos_
28,48,109.36990983790326,408662.0,0.2928083501984634,0.05,1.0,0.8814776425143394,0.5,1.7942732387222402,,,-28.32099861961535,,LearningParams_Fit_alpha_neg-exp_neg_Fix_alpha_pos-beta-exp_pos_
29,3,109.36990983790326,408662.0,0.21077522090663806,0.05,1.0,0.4648795305068049,0.5,0.7236032718127066,,,-27.34935308234524,,LearningParams_Fit_alpha_neg-exp_neg_Fix_alpha_pos-beta-exp_pos_
30,4,109.36990983790326,408662.0,0.2018673209266584,0.05,1.0,0.7127994598810109,0.5,1.589480910034205,,,-31.341980196138216,,LearningParams_Fit_alpha_neg-exp_neg_Fix_alpha_pos-beta-exp_pos_
31,7,109.36990983790326,408662.0,0.7494144837301265,0.05,1.0,0.6931043061299784,0.5,5.9008065799068925,,,-30.475979092647012,,LearningParams_Fit_alpha_neg-exp_neg_Fix_alpha_pos-beta-exp_pos_
32,10,109.36990983790326,408662.0,0.9493474186758476,0.05,1.0,0.802809265009687,0.5,5.817418343519048,,,-25.793462011469952,,LearningParams_Fit_alpha_neg-exp_neg_Fix_alpha_pos-beta-exp_pos_
33,13,109.36990983790326,408662.0,0.5759323621709032,0.05,1.0,0.6729984513794699,0.5,4.5348275834805305,,,-29.591919357918936,,LearningParams_Fit_alpha_neg-exp_neg_Fix_alpha_pos-beta-exp_pos_
34,14,109.36990983790326,408662.0,0.8599508578448752,0.05,1.0,0.5751145454022327,0.5,3.1644501479726435,,,-25.41659480881205,,LearningParams_Fit_alpha_neg-exp_neg_Fix_alpha_pos-beta-exp_pos_
35,11,109.36990983790326,408662.0,0.3160647492227946,0.05,1.0,0.5424689436133449,0.5,2.4886588028129086,,,-23.852502484482304,,LearningParams_Fit_alpha_neg-exp_neg_Fix_alpha_pos-beta-exp_pos_
36,18,109.36990983790326,408662.0,0.6633238726930022,0.05,1.0,0.6167899451192081,0.5,4.036267465387327,,,-31.66264680576493,,LearningParams_Fit_alpha_neg-exp_neg_Fix_alpha_pos-beta-exp_pos_
37,19,109.36990983790326,408662.0,0.14346730707709265,0.05,1.0,0.6603580323512788,0.5,0.3308294455089044,,,-23.106082323385113,,LearningParams_Fit_alpha_neg-exp_neg_Fix_alpha_pos-beta-exp_pos_
38,20,109.36990983790326,408662.0,0.6701901852548026,0.05,1.0,0.7916401728966186,0.5,4.106796522168631,,,-25.434610207339915,,LearningParams_Fit_alpha_neg-exp_neg_Fix_alpha_pos-beta-exp_pos_
39,21,109.36990983790326,408662.0,0.8384954731847649,0.05,1.0,0.8447081538404407,0.5,7.587319536115965,,,-28.015603828836927,,LearningParams_Fit_alpha_neg-exp_neg_Fix_alpha_pos-beta-exp_pos_
40,22,109.36990983790326,408662.0,0.425365010341584,0.05,1.0,0.9513622873079638,0.5,2.3049154951246087,,,-24.5963384793723,,LearningParams_Fit_alpha_neg-exp_neg_Fix_alpha_pos-beta-exp_pos_
41,23,109.36990983790326,408662.0,0.3933735778359242,0.05,1.0,0.7837945844305297,0.5,2.410517606663249,,,-25.182539264866065,,LearningParams_Fit_alpha_neg-exp_neg_Fix_alpha_pos-beta-exp_pos_
42,16,109.36990983790326,408662.0,0.9605451190641208,0.05,1.0,0.5159624610430229,0.5,12.599087609568196,,,-24.93993236499439,,LearningParams_Fit_alpha_neg-exp_neg_Fix_alpha_pos-beta-exp_pos_
43,49,109.36990983790326,408662.0,0.17331955433281254,0.05,1.0,0.5492096031993386,0.5,0.4688683236669979,,,-26.350154260999023,,LearningParams_Fit_alpha_neg-exp_neg_Fix_alpha_pos-beta-exp_pos_
44,25,277.33968968006144,408662.0,0.8227943678394499,0.05,1.0,0.9674462064622342,0.5,1.1346296254598087,,,-0.7197069174547891,,LearningParams_Fit_alpha_neg-exp_neg_Fix_alpha_pos-beta-exp_pos_
45,43,286.96960173651263,408662.0,0.654414996126928,0.05,1.0,0.4751721060286184,0.5,0.7766905881260779,,,-0.24053611424552426,,LearningParams_Fit_alpha_neg-exp_neg_Fix_alpha_pos-beta-exp_pos_
46,1,286.9791293733153,408662.0,0.8708181466218619,0.05,1.0,0.530551404786017,0.5,1.1622783294442336,,,-0.4897005301122177,,LearningParams_Fit_alpha_neg-exp_neg_Fix_alpha_pos-beta-exp_pos_
47,5,287.0292467636149,408662.0,0.6546058612911122,0.05,1.0,0.4361491910314672,0.5,0.8438002433300292,,,-0.31799018268826873,,LearningParams_Fit_alpha_neg-exp_neg_Fix_alpha_pos-beta-exp_pos_
48,6,287.35422769197123,408662.0,0.771091136748232,0.05,1.0,0.3700606482041083,0.5,1.2395049651563916,,,-0.6004261434695224,,LearningParams_Fit_alpha_neg-exp_neg_Fix_alpha_pos-beta-exp_pos_
49,9,290.3649867356819,408662.0,0.7976031490498525,0.05,1.0,0.9222029543741108,0.5,1.015249234754755,,,-0.5004529345276219,,LearningParams_Fit_alpha_neg-exp_neg_Fix_alpha_pos-beta-exp_pos_
0,26,115.22576559328031,311479.0,0.09842283853019697,0.05,1.0,0.3610170182755922,0.5,0.2924279591534485,,,-0.07353476895374872,,LearningParams_Fit_alpha_neg-exp_neg_Fix_alpha_pos-beta-exp_pos_
1,42,115.22576559328155,311479.0,0.8103202226702815,0.05,1.0,0.6211978515493956,0.5,0.29242789334947705,,,-0.0735346324181207,,LearningParams_Fit_alpha_neg-exp_neg_Fix_alpha_pos-beta-exp_pos_
2,17,115.22576559328327,311479.0,0.3326951540056237,0.05,1.0,0.015982357932072918,0.5,0.2924279007185798,,,-0.07353481048372487,,LearningParams_Fit_alpha_neg-exp_neg_Fix_alpha_pos-beta-exp_pos_
3,43,115.22576559328552,311479.0,0.362126844155505,0.05,1.0,0.48328204283529,0.5,0.29242766414202226,,,-0.07353445065758922,,LearningParams_Fit_alpha_neg-exp_neg_Fix_alpha_pos-beta-exp_pos_
4,3,115.22576559328564,311479.0,0.4594602248048114,0.05,1.0,0.08178461077825018,0.5,0.2924276684773324,,,-0.0735345324503367,,LearningParams_Fit_alpha_neg-exp_neg_Fix_alpha_pos-beta-exp_pos_
5,48,115.22576559328579,311479.0,0.256557288315723,0.05,1.0,0.15113566442927084,0.5,0.2924280797950084,,,-0.0735349021463183,,LearningParams_Fit_alpha_neg-exp_neg_Fix_alpha_pos-beta-exp_pos_
6,44,115.22576559328665,311479.0,0.9643674982426078,0.05,1.0,0.7389340969740235,0.5,0.2924280872281105,,,-0.07353492784439161,,LearningParams_Fit_alpha_neg-exp_neg_Fix_alpha_pos-beta-exp_pos_
7,46,115.22576559328743,311479.0,0.1388054980141118,0.05,1.0,0.7077357567277158,0.5,0.29242768187331136,,,-0.0735344079181834,,LearningParams_Fit_alpha_neg-exp_neg_Fix_alpha_pos-beta-exp_pos_
8,6,115.22576559328769,311479.0,0.2690330794924323,0.05,1.0,0.624973593064103,0.5,0.2924278880560961,,,-0.07353484305211228,,LearningParams_Fit_alpha_neg-exp_neg_Fix_alpha_pos-beta-exp_pos_
9,36,115.22576559328785,311479.0,0.4614026152064589,0.05,1.0,0.4941265706282235,0.5,0.2924279784172133,,,-0.07353466197671077,,LearningParams_Fit_alpha_neg-exp_neg_Fix_alpha_pos-beta-exp_pos_
10,18,115.2257655932884,311479.0,0.625397139122798,0.05,1.0,0.04867143683899888,0.5,0.29242801549841946,,,-0.0735349442854944,,LearningParams_Fit_alpha_neg-exp_neg_Fix_alpha_pos-beta-exp_pos_
11,4,115.22576559328868,311479.0,0.2649688536074639,0.05,1.0,0.8231174418496566,0.5,0.2924281165404772,,,-0.07353495314184139,,LearningParams_Fit_alpha_neg-exp_neg_Fix_alpha_pos-beta-exp_pos_
12,37,115.22576559329006,311479.0,0.9073357431360072,0.05,1.0,0.5600438819989861,0.5,0.2924277932842426,,,-0.07353445305239698,,LearningParams_Fit_alpha_neg-exp_neg_Fix_alpha_pos-beta-exp_pos_
13,19,115.22576559329072,311479.0,0.01996464577630652,0.05,1.0,0.5907948643280452,0.5,0.29242813133023193,,,-0.07353499483351153,,LearningParams_Fit_alpha_neg-exp_neg_Fix_alpha_pos-beta-exp_pos_
14,31,115.22576559329113,311479.0,0.19347997343132672,0.05,1.0,0.16000999858697695,0.5,0.2924280526727052,,,-0.07353473449441897,,LearningParams_Fit_alpha_neg-exp_neg_Fix_alpha_pos-beta-exp_pos_
15,21,115.22576559329129,311479.0,0.5754280035835128,0.05,1.0,0.7040691894995362,0.5,0.29242757737007863,,,-0.07353438159080079,,LearningParams_Fit_alpha_neg-exp_neg_Fix_alpha_pos-beta-exp_pos_
16,22,115.22576559329285,311479.0,0.8359912271904364,0.05,1.0,0.4862948332582762,0.5,0.292428151854846,,,-0.07353489543760656,,LearningParams_Fit_alpha_neg-exp_neg_Fix_alpha_pos-beta-exp_pos_
17,33,115.2257655932932,311479.0,0.09685376572494953,0.05,1.0,0.6112619509752742,0.5,0.29242768288226995,,,-0.07353435353617417,,LearningParams_Fit_alpha_neg-exp_neg_Fix_alpha_pos-beta-exp_pos_
18,39,115.22576559329369,311479.0,0.6559485911719504,0.05,1.0,0.1907658718716947,0.5,0.2924281243085605,,,-0.07353503858427224,,LearningParams_Fit_alpha_neg-exp_neg_Fix_alpha_pos-beta-exp_pos_
19,41,115.22576559329396,311479.0,0.4109440294205884,0.05,1.0,0.5523704614380405,0.5,0.2924277345285723,,,-0.07353438017657624,,LearningParams_Fit_alpha_neg-exp_neg_Fix_alpha_pos-beta-exp_pos_
20,40,115.22576559329396,311479.0,0.9067521190549342,0.05,1.0,0.31392248343079243,0.5,0.2924280565285363,,,-0.07353501597215284,,LearningParams_Fit_alpha_neg-exp_neg_Fix_alpha_pos-beta-exp_pos_
21,32,115.22576559329407,311479.0,0.310681470357849,0.05,1.0,0.1424669933393682,0.5,0.2924276242235438,,,-0.07353456645191081,,LearningParams_Fit_alpha_neg-exp_neg_Fix_alpha_pos-beta-exp_pos_
22,45,115.2257655932942,311479.0,0.7393518424140291,0.05,1.0,0.5100223008706953,0.5,0.2924277826965241,,,-0.07353477899499958,,LearningParams_Fit_alpha_neg-exp_neg_Fix_alpha_pos-beta-exp_pos_
23,0,115.22576559329443,311479.0,0.9906960285200146,0.05,1.0,0.6461127998286375,0.5,0.29242812508772875,,,-0.07353504665018945,,LearningParams_Fit_alpha_neg-exp_neg_Fix_alpha_pos-beta-exp_pos_
24,14,115.22576559329491,311479.0,0.6410741421854752,0.05,1.0,0.3788557638282049,0.5,0.292428111190978,,,-0.07353504607250955,,LearningParams_Fit_alpha_neg-exp_neg_Fix_alpha_pos-beta-exp_pos_
25,13,115.2257655932958,311479.0,0.6054184308919339,0.05,1.0,0.3569690026386275,0.5,0.2924275357945856,,,-0.07353430971460784,,LearningParams_Fit_alpha_neg-exp_neg_Fix_alpha_pos-beta-exp_pos_
26,47,115.22576559329602,311479.0,0.994071871298428,0.05,1.0,0.17643502016174006,0.5,0.2924276704633917,,,-0.07353465114861893,,LearningParams_Fit_alpha_neg-exp_neg_Fix_alpha_pos-beta-exp_pos_
27,27,115.22576559329659,311479.0,0.4444410471414898,0.05,1.0,0.16215309287208235,0.5,0.2924281930104138,,,-0.07353506353091878,,LearningParams_Fit_alpha_neg-exp_neg_Fix_alpha_pos-beta-exp_pos_
28,30,115.22576559329724,311479.0,0.4913386066471307,0.05,1.0,0.4979668815852699,0.5,0.2924281754204717,,,-0.07353507938968268,,LearningParams_Fit_alpha_neg-exp_neg_Fix_alpha_pos-beta-exp_pos_
29,16,115.22576559329805,311479.0,0.2786334017505369,0.05,1.0,0.9146322876239688,0.5,0.29242822438808536,,,-0.07353500993832561,,LearningParams_Fit_alpha_neg-exp_neg_Fix_alpha_pos-beta-exp_pos_
30,34,115.22576559329822,311479.0,0.13400374234447301,0.05,1.0,0.8280544629929318,0.5,0.29242759268254753,,,-0.0735342719983347,,LearningParams_Fit_alpha_neg-exp_neg_Fix_alpha_pos-beta-exp_pos_
31,8,115.2257655933001,311479.0,0.001423928393693541,0.05,1.0,0.8413428957776129,0.5,0.2924274881393849,,,-0.07353429492154015,,LearningParams_Fit_alpha_neg-exp_neg_Fix_alpha_pos-beta-exp_pos_
32,28,115.22576559330456,311479.0,0.8247923410078308,0.05,1.0,0.7496698814645603,0.5,0.2924275677269599,,,-0.07353455962044694,,LearningParams_Fit_alpha_neg-exp_neg_Fix_alpha_pos-beta-exp_pos_
33,35,115.22576559330535,311479.0,0.12952984560135986,0.05,1.0,0.014521670361632544,0.5,0.29242808989106056,,,-0.07353468706623217,,LearningParams_Fit_alpha_neg-exp_neg_Fix_alpha_pos-beta-exp_pos_
34,2,115.22576559330624,311479.0,0.5775951506152135,0.05,1.0,0.6473870589671932,0.5,0.2924281117058358,,,-0.07353512582590488,,LearningParams_Fit_alpha_neg-exp_neg_Fix_alpha_pos-beta-exp_pos_
35,15,115.2257655933132,311479.0,0.0031667456059815136,0.05,1.0,0.4078820523282505,0.5,0.2924277667356411,,,-0.07353485896991929,,LearningParams_Fit_alpha_neg-exp_neg_Fix_alpha_pos-beta-exp_pos_
36,49,115.22576559332872,311479.0,0.7158926237183455,0.05,1.0,0.8527152396812678,0.5,0.2924276345021561,,,-0.07353476649862495,,LearningParams_Fit_alpha_neg-exp_neg_Fix_alpha_pos-beta-exp_pos_
37,1,115.22576559332927,311479.0,0.8305243274717902,0.05,1.0,0.09932554962702522,0.5,0.2924282699387463,,,-0.07353482622251492,,LearningParams_Fit_alpha_neg-exp_neg_Fix_alpha_pos-beta-exp_pos_
38,25,115.225765593341,311479.0,0.1047515408767784,0.05,1.0,0.6163044481729714,0.5,0.2924279020660749,,,-0.07353509486546872,,LearningParams_Fit_alpha_neg-exp_neg_Fix_alpha_pos-beta-exp_pos_
39,38,115.22576559336723,311479.0,0.5170853543314157,0.05,1.0,0.7340167722150405,0.5,0.2924279493208581,,,-0.07353521196576526,,LearningParams_Fit_alpha_neg-exp_neg_Fix_alpha_pos-beta-exp_pos_
40,20,115.22576559339052,311479.0,0.333798098119789,0.05,1.0,0.6341742706840293,0.5,0.2924272595108559,,,-0.07353445491099009,,LearningParams_Fit_alpha_neg-exp_neg_Fix_alpha_pos-beta-exp_pos_
41,24,127.42377181592656,311479.0,0.5715712522788791,0.05,1.0,0.25725897888114,0.5,0.6678058378079013,,,-0.27170419443597543,,LearningParams_Fit_alpha_neg-exp_neg_Fix_alpha_pos-beta-exp_pos_
42,7,127.42377181596808,311479.0,0.6434747172761681,0.05,1.0,0.759195825518655,0.5,0.6678060633481091,,,-0.2717045058220536,,LearningParams_Fit_alpha_neg-exp_neg_Fix_alpha_pos-beta-exp_pos_
43,29,129.67966186722307,311479.0,0.7815741185274631,0.05,1.0,0.7406668851365286,0.5,0.7536939894952681,,,-0.30257565127309444,,LearningParams_Fit_alpha_neg-exp_neg_Fix_alpha_pos-beta-exp_pos_
44,5,134.90738723404024,311479.0,0.9250432041260503,0.05,1.0,0.40449848849488257,0.5,1.0068231446761375,,,-0.38224339840629096,,LearningParams_Fit_alpha_neg-exp_neg_Fix_alpha_pos-beta-exp_pos_
45,10,134.90738723404468,311479.0,0.8236384222050964,0.05,1.0,0.3469259791975865,0.5,1.0068235606959803,,,-0.3822437716595276,,LearningParams_Fit_alpha_neg-exp_neg_Fix_alpha_pos-beta-exp_pos_
46,11,138.11861082795969,311479.0,0.9097668226430722,0.05,1.0,0.3535725175532985,0.5,1.20250277425274,,,-0.4356427567516179,,LearningParams_Fit_alpha_neg-exp_neg_Fix_alpha_pos-beta-exp_pos_
47,12,138.11861082795986,311479.0,0.9558843140195568,0.05,1.0,0.390975963978498,0.5,1.2025027336026426,,,-0.4356427275583078,,LearningParams_Fit_alpha_neg-exp_neg_Fix_alpha_pos-beta-exp_pos_
48,9,138.11861082796153,311479.0,0.9019973540351086,0.05,1.0,0.4381956194306905,0.5,1.202503198792554,,,-0.4356430709665431,,LearningParams_Fit_alpha_neg-exp_neg_Fix_alpha_pos-beta-exp_pos_
49,23,138.1186108279704,311479.0,0.8847647113899008,0.05,1.0,0.33588956968190864,0.5,1.20250336790807,,,-0.4356431970252463,,LearningParams_Fit_alpha_neg-exp_neg_Fix_alpha_pos-beta-exp_pos_
0,3,112.56853916305217,100057.0,0.5031940657496279,0.05,1.0,0.5632039400932427,0.5,0.08059419185211195,,,0.27667850643297115,,LearningParams_Fit_alpha_neg-exp_neg_Fix_alpha_pos-beta-exp_pos_
1,32,112.5685391630522,100057.0,0.5631673824664117,0.05,1.0,0.34224276362866657,0.5,0.08059424969314592,,,0.27667820975961377,,LearningParams_Fit_alpha_neg-exp_neg_Fix_alpha_pos-beta-exp_pos_
2,15,112.56853916305332,100057.0,0.9923852471745948,0.05,1.0,0.6862040192117226,0.5,0.08059412392429166,,,0.2766786782901004,,LearningParams_Fit_alpha_neg-exp_neg_Fix_alpha_pos-beta-exp_pos_
3,30,112.56853916305393,100057.0,0.4095831164735047,0.05,1.0,0.3779897126131097,0.5,0.08059421619091009,,,0.2766782229649257,,LearningParams_Fit_alpha_neg-exp_neg_Fix_alpha_pos-beta-exp_pos_
4,19,112.56853916305431,100057.0,0.514958496710903,0.05,1.0,0.44173645704873066,0.5,0.0805941031519614,,,0.27667869266952433,,LearningParams_Fit_alpha_neg-exp_neg_Fix_alpha_pos-beta-exp_pos_
5,0,112.5685391630554,100057.0,0.18771649981644745,0.05,1.0,0.7402215242012924,0.5,0.08059409763511421,,,0.2766786517643048,,LearningParams_Fit_alpha_neg-exp_neg_Fix_alpha_pos-beta-exp_pos_
6,7,112.56853916305693,100057.0,0.12357284254384683,0.05,1.0,0.9235811402299235,0.5,0.08059408763884285,,,0.2766787627956643,,LearningParams_Fit_alpha_neg-exp_neg_Fix_alpha_pos-beta-exp_pos_
7,34,112.56853916305693,100057.0,0.1972884465581547,0.05,1.0,0.925115527662424,0.5,0.08059427833117215,,,0.27667822245736673,,LearningParams_Fit_alpha_neg-exp_neg_Fix_alpha_pos-beta-exp_pos_
8,35,112.56853916305704,100057.0,0.05107415997458575,0.05,1.0,0.0033193104152274837,0.5,0.08059424469064036,,,0.276678123466783,,LearningParams_Fit_alpha_neg-exp_neg_Fix_alpha_pos-beta-exp_pos_
9,24,112.56853916305813,100057.0,0.7470464027126958,0.05,1.0,0.1808093040328923,0.5,0.08059417451232438,,,0.2766782957041249,,LearningParams_Fit_alpha_neg-exp_neg_Fix_alpha_pos-beta-exp_pos_
10,33,112.56853916305836,100057.0,0.2872583118655585,0.05,1.0,0.9875826937051052,0.5,0.08059426858686562,,,0.2766780666517979,,LearningParams_Fit_alpha_neg-exp_neg_Fix_alpha_pos-beta-exp_pos_
11,39,112.56853916305849,100057.0,0.7777892648904656,0.05,1.0,0.1745082552178464,0.5,0.08059410092978603,,,0.2766787891747505,,LearningParams_Fit_alpha_neg-exp_neg_Fix_alpha_pos-beta-exp_pos_
12,6,112.56853916305849,100057.0,0.4223205138900812,0.05,1.0,0.5028867566800208,0.5,0.08059410675030383,,,0.2766785415508227,,LearningParams_Fit_alpha_neg-exp_neg_Fix_alpha_pos-beta-exp_pos_
13,42,112.5685391630592,100057.0,0.8277451155622364,0.05,1.0,0.21217491238092803,0.5,0.08059414304619833,,,0.2766787168404341,,LearningParams_Fit_alpha_neg-exp_neg_Fix_alpha_pos-beta-exp_pos_
14,18,112.56853916305958,100057.0,0.8955453281728994,0.05,1.0,0.9201324436578506,0.5,0.08059408142764367,,,0.27667865282880777,,LearningParams_Fit_alpha_neg-exp_neg_Fix_alpha_pos-beta-exp_pos_
15,1,112.56853916306068,100057.0,0.15289950261187935,0.05,1.0,0.9918945619160721,0.5,0.08059424909050088,,,0.2766780764220768,,LearningParams_Fit_alpha_neg-exp_neg_Fix_alpha_pos-beta-exp_pos_
16,37,112.568539163061,100057.0,0.2522002584609375,0.05,1.0,0.5598007992583812,0.5,0.080594233731372,,,0.27667810882629806,,LearningParams_Fit_alpha_neg-exp_neg_Fix_alpha_pos-beta-exp_pos_
17,16,112.56853916306144,100057.0,0.5280660750662213,0.05,1.0,0.0019340032954530129,0.5,0.08059426751659278,,,0.2766780351566652,,LearningParams_Fit_alpha_neg-exp_neg_Fix_alpha_pos-beta-exp_pos_
18,11,112.5685391630616,100057.0,0.7777338606410121,0.05,1.0,0.6543149887502588,0.5,0.08059430818803008,,,0.276677993497511,,LearningParams_Fit_alpha_neg-exp_neg_Fix_alpha_pos-beta-exp_pos_
19,8,112.56853916306171,100057.0,0.4162232773511718,0.05,1.0,0.30446204841719104,0.5,0.08059431374242493,,,0.2766780042775058,,LearningParams_Fit_alpha_neg-exp_neg_Fix_alpha_pos-beta-exp_pos_
20,20,112.56853916306177,100057.0,0.97190615577815,0.05,1.0,0.8522941032228828,0.5,0.0805940628766938,,,0.2766788561946889,,LearningParams_Fit_alpha_neg-exp_neg_Fix_alpha_pos-beta-exp_pos_
21,47,112.56853916306196,100057.0,0.3627075179239457,0.05,1.0,0.08558166758840557,0.5,0.08059427482553046,,,0.2766783100375941,,LearningParams_Fit_alpha_neg-exp_neg_Fix_alpha_pos-beta-exp_pos_
22,48,112.56853916306216,100057.0,0.049045677174451074,0.05,1.0,0.3106151757028012,0.5,0.08059431723142275,,,0.27667800216698946,,LearningParams_Fit_alpha_neg-exp_neg_Fix_alpha_pos-beta-exp_pos_
23,2,112.56853916306244,100057.0,0.6569867468154736,0.05,1.0,0.4108339395043047,0.5,0.0805942997764926,,,0.2766781968708405,,LearningParams_Fit_alpha_neg-exp_neg_Fix_alpha_pos-beta-exp_pos_
24,38,112.56853916306318,100057.0,0.9015330583666584,0.05,1.0,0.7155052706017678,0.5,0.08059429885282376,,,0.2766782123030073,,LearningParams_Fit_alpha_neg-exp_neg_Fix_alpha_pos-beta-exp_pos_
25,25,112.56853916306444,100057.0,0.13022733114201754,0.05,1.0,0.4570748811290686,0.5,0.08059418024872263,,,0.2766786584835467,,LearningParams_Fit_alpha_neg-exp_neg_Fix_alpha_pos-beta-exp_pos_
26,36,112.5685391630646,100057.0,0.5846723698277987,0.05,1.0,0.26818092500398794,0.5,0.08059430071947052,,,0.27667821971860257,,LearningParams_Fit_alpha_neg-exp_neg_Fix_alpha_pos-beta-exp_pos_
27,13,112.56853916306505,100057.0,0.7690253766568308,0.05,1.0,0.8101775115196503,0.5,0.08059406411420568,,,0.2766786679457158,,LearningParams_Fit_alpha_neg-exp_neg_Fix_alpha_pos-beta-exp_pos_
28,44,112.56853916306507,100057.0,0.704224336926853,0.05,1.0,0.1148877242878782,0.5,0.0805941273463875,,,0.2766783995441905,,LearningParams_Fit_alpha_neg-exp_neg_Fix_alpha_pos-beta-exp_pos_
29,9,112.56853916306513,100057.0,0.6756733925002274,0.05,1.0,0.372816722365014,0.5,0.08059425864052885,,,0.27667840220698103,,LearningParams_Fit_alpha_neg-exp_neg_Fix_alpha_pos-beta-exp_pos_
30,43,112.56853916306532,100057.0,0.024821964884073733,0.05,1.0,0.2366463932369268,0.5,0.08059405453828478,,,0.27667871802615146,,LearningParams_Fit_alpha_neg-exp_neg_Fix_alpha_pos-beta-exp_pos_
31,21,112.5685391630658,100057.0,0.6554748271504468,0.05,1.0,0.12060910446500415,0.5,0.08059404022802158,,,0.2766788081676914,,LearningParams_Fit_alpha_neg-exp_neg_Fix_alpha_pos-beta-exp_pos_
32,49,112.56853916306616,100057.0,0.6192589074047495,0.05,1.0,0.2604302612879499,0.5,0.08059424682140176,,,0.2766784543939679,,LearningParams_Fit_alpha_neg-exp_neg_Fix_alpha_pos-beta-exp_pos_
33,40,112.5685391630664,100057.0,0.8673843773635374,0.05,1.0,0.3020148101303388,0.5,0.08059413744019038,,,0.2766787862194653,,LearningParams_Fit_alpha_neg-exp_neg_Fix_alpha_pos-beta-exp_pos_
34,23,112.568539163067,100057.0,0.8764026313271721,0.05,1.0,0.8189318962523987,0.5,0.08059417734056894,,,0.2766782203749685,,LearningParams_Fit_alpha_neg-exp_neg_Fix_alpha_pos-beta-exp_pos_
35,22,112.56853916306856,100057.0,0.17178069573632804,0.05,1.0,0.28310088137011724,0.5,0.08059421540159226,,,0.2766785780028538,,LearningParams_Fit_alpha_neg-exp_neg_Fix_alpha_pos-beta-exp_pos_
36,31,112.56853916306903,100057.0,0.5632115466368199,0.05,1.0,0.4739392695262506,0.5,0.08059423782533379,,,0.2766785056739109,,LearningParams_Fit_alpha_neg-exp_neg_Fix_alpha_pos-beta-exp_pos_
37,4,112.56853916307209,100057.0,0.5345040779791164,0.05,1.0,0.7146954762908333,0.5,0.08059418972540566,,,0.2766781523546531,,LearningParams_Fit_alpha_neg-exp_neg_Fix_alpha_pos-beta-exp_pos_
38,27,112.56853916307293,100057.0,0.037477148151075064,0.05,1.0,0.23513281736691216,0.5,0.08059431357566396,,,0.27667823665737984,,LearningParams_Fit_alpha_neg-exp_neg_Fix_alpha_pos-beta-exp_pos_
39,45,112.56853916307331,100057.0,0.6353336241264116,0.05,1.0,0.4089587363376253,0.5,0.08059425227402202,,,0.2766784813471129,,LearningParams_Fit_alpha_neg-exp_neg_Fix_alpha_pos-beta-exp_pos_
40,17,112.56853916307348,100057.0,0.9195758428703856,0.05,1.0,0.22860332131435315,0.5,0.08059428787472735,,,0.27667789925218145,,LearningParams_Fit_alpha_neg-exp_neg_Fix_alpha_pos-beta-exp_pos_
41,10,112.56853916307355,100057.0,0.6385451741779066,0.05,1.0,0.7603637796740983,0.5,0.08059403737888364,,,0.27667871368377245,,LearningParams_Fit_alpha_neg-exp_neg_Fix_alpha_pos-beta-exp_pos_
42,28,112.56853916307784,100057.0,0.20797572188021815,0.05,1.0,0.6420296359191932,0.5,0.08059411014723722,,,0.27667838111054605,,LearningParams_Fit_alpha_neg-exp_neg_Fix_alpha_pos-beta-exp_pos_
43,5,112.5685391630784,100057.0,0.178690299777852,0.05,1.0,0.5013832507011131,0.5,0.08059410841571199,,,0.2766783846652842,,LearningParams_Fit_alpha_neg-exp_neg_Fix_alpha_pos-beta-exp_pos_
44,14,112.56853916308133,100057.0,0.7945744842460287,0.05,1.0,0.06952468751286989,0.5,0.0805942246017611,,,0.27667861822948997,,LearningParams_Fit_alpha_neg-exp_neg_Fix_alpha_pos-beta-exp_pos_
45,12,112.56853916308165,100057.0,0.6491580403668568,0.05,1.0,0.8889557616587241,0.5,0.08059418622880701,,,0.2766781134287639,,LearningParams_Fit_alpha_neg-exp_neg_Fix_alpha_pos-beta-exp_pos_
46,29,112.56853916308316,100057.0,0.5866534638469914,0.05,1.0,0.017516013537357208,0.5,0.08059422670391307,,,0.276677991623898,,LearningParams_Fit_alpha_neg-exp_neg_Fix_alpha_pos-beta-exp_pos_
47,41,112.56853916308849,100057.0,0.1925561608493216,0.05,1.0,0.8173331284138141,0.5,0.08059440812104599,,,0.27667785858481064,,LearningParams_Fit_alpha_neg-exp_neg_Fix_alpha_pos-beta-exp_pos_
48,26,112.56853916310364,100057.0,0.0547205727494714,0.05,1.0,0.027407431200604737,0.5,0.08059430305585766,,,0.276678444278646,,LearningParams_Fit_alpha_neg-exp_neg_Fix_alpha_pos-beta-exp_pos_
49,46,112.5685391631038,100057.0,0.7989075347485116,0.05,1.0,0.4739083502785276,0.5,0.0805944437638648,,,0.2766777893857384,,LearningParams_Fit_alpha_neg-exp_neg_Fix_alpha_pos-beta-exp_pos_
0,40,94.73294447899531,100247.0,0.9371379104198068,0.05,1.0,0.017444497923724045,0.5,0.04881627716366628,,,0.5531027702962125,,LearningParams_Fit_alpha_neg-exp_neg_Fix_alpha_pos-beta-exp_pos_
1,31,94.73294447899755,100247.0,0.8762468076273169,0.05,1.0,0.020115926388540758,0.5,0.048816326242432345,,,0.5531024989558866,,LearningParams_Fit_alpha_neg-exp_neg_Fix_alpha_pos-beta-exp_pos_
2,8,94.73294447900068,100247.0,0.5573193279152171,0.05,1.0,0.05510698294945682,0.5,0.04881633737711039,,,0.5531025336151892,,LearningParams_Fit_alpha_neg-exp_neg_Fix_alpha_pos-beta-exp_pos_
3,30,94.73294447900207,100247.0,0.4862087856972599,0.05,1.0,0.27496100134325185,0.5,0.048816347874690406,,,0.5531024415798602,,LearningParams_Fit_alpha_neg-exp_neg_Fix_alpha_pos-beta-exp_pos_
4,17,94.73294447900244,100247.0,0.8183374516629034,0.05,1.0,0.14800152981580572,0.5,0.04881634935815242,,,0.5531024481611388,,LearningParams_Fit_alpha_neg-exp_neg_Fix_alpha_pos-beta-exp_pos_
5,34,94.73294447900265,100247.0,0.6023980776816735,0.05,1.0,0.1914230997658289,0.5,0.04881632137161925,,,0.5531026384167759,,LearningParams_Fit_alpha_neg-exp_neg_Fix_alpha_pos-beta-exp_pos_
6,23,94.73294447900312,100247.0,0.5378596500545911,0.05,1.0,0.9560311687776418,0.5,0.04881628201286407,,,0.5531028059114165,,LearningParams_Fit_alpha_neg-exp_neg_Fix_alpha_pos-beta-exp_pos_
7,41,94.73294447900459,100247.0,0.8208766144493315,0.05,1.0,0.1997267362183404,0.5,0.048816301453316606,,,0.5531025282497113,,LearningParams_Fit_alpha_neg-exp_neg_Fix_alpha_pos-beta-exp_pos_
8,5,94.73294447900473,100247.0,0.017037005077982226,0.05,1.0,0.771445040446222,0.5,0.04881635472695765,,,0.5531024087465084,,LearningParams_Fit_alpha_neg-exp_neg_Fix_alpha_pos-beta-exp_pos_
9,20,94.7329444790058,100247.0,0.642347529468291,0.05,1.0,0.2463049618160118,0.5,0.04881634868162732,,,0.5531023913254016,,LearningParams_Fit_alpha_neg-exp_neg_Fix_alpha_pos-beta-exp_pos_
10,4,94.73294447900707,100247.0,0.8759270050458944,0.05,1.0,0.6476702767941444,0.5,0.048816339642677516,,,0.553102399144809,,LearningParams_Fit_alpha_neg-exp_neg_Fix_alpha_pos-beta-exp_pos_
11,38,94.73294447900827,100247.0,0.8233642329264805,0.05,1.0,0.38255370578023307,0.5,0.048816220340085856,,,0.553102929103511,,LearningParams_Fit_alpha_neg-exp_neg_Fix_alpha_pos-beta-exp_pos_
12,10,94.73294447900965,100247.0,0.08311194899096175,0.05,1.0,0.7567718594773155,0.5,0.048816245269160806,,,0.5531029507826324,,LearningParams_Fit_alpha_neg-exp_neg_Fix_alpha_pos-beta-exp_pos_
13,49,94.73294447901104,100247.0,0.6948484886615791,0.05,1.0,0.8325552652868445,0.5,0.048816232753194494,,,0.5531029865016154,,LearningParams_Fit_alpha_neg-exp_neg_Fix_alpha_pos-beta-exp_pos_
14,32,94.73294447901213,100247.0,0.9132031128661376,0.05,1.0,0.8268922373396564,0.5,0.04881621134026283,,,0.5531029965190464,,LearningParams_Fit_alpha_neg-exp_neg_Fix_alpha_pos-beta-exp_pos_
15,2,94.73294447901465,100247.0,0.7604087512303391,0.05,1.0,0.8903563225800849,0.5,0.048816377343254176,,,0.5531023270586117,,LearningParams_Fit_alpha_neg-exp_neg_Fix_alpha_pos-beta-exp_pos_
16,19,94.73294447901499,100247.0,0.4709547194353312,0.05,1.0,0.8619493000675406,0.5,0.048816292976679714,,,0.5531028085311256,,LearningParams_Fit_alpha_neg-exp_neg_Fix_alpha_pos-beta-exp_pos_
17,27,94.732944479016,100247.0,0.9823897528436936,0.05,1.0,0.7290992984657649,0.5,0.0488162102346694,,,0.5531029313431621,,LearningParams_Fit_alpha_neg-exp_neg_Fix_alpha_pos-beta-exp_pos_
18,35,94.73294447901631,100247.0,0.6855289434084461,0.05,1.0,0.07807347010895171,0.5,0.0488162757613127,,,0.5531025870914267,,LearningParams_Fit_alpha_neg-exp_neg_Fix_alpha_pos-beta-exp_pos_
19,42,94.73294447901691,100247.0,0.2610248803828133,0.05,1.0,0.4552192763089108,0.5,0.04881620740607547,,,0.5531030527560237,,LearningParams_Fit_alpha_neg-exp_neg_Fix_alpha_pos-beta-exp_pos_
20,25,94.73294447901745,100247.0,0.7153303191547191,0.05,1.0,0.6110757158945759,0.5,0.048816364857853706,,,0.5531022949677161,,LearningParams_Fit_alpha_neg-exp_neg_Fix_alpha_pos-beta-exp_pos_
21,7,94.73294447901844,100247.0,0.4309985577131814,0.05,1.0,0.014380498928832532,0.5,0.0488162015293846,,,0.5531030589229491,,LearningParams_Fit_alpha_neg-exp_neg_Fix_alpha_pos-beta-exp_pos_
22,36,94.73294447901958,100247.0,0.0365054588045558,0.05,1.0,0.05310255336061887,0.5,0.0488162572858635,,,0.553102951917916,,LearningParams_Fit_alpha_neg-exp_neg_Fix_alpha_pos-beta-exp_pos_
23,15,94.73294447901964,100247.0,0.3714047121528381,0.05,1.0,0.8006847966463239,0.5,0.048816213550941234,,,0.5531030653699339,,LearningParams_Fit_alpha_neg-exp_neg_Fix_alpha_pos-beta-exp_pos_
24,9,94.73294447902158,100247.0,0.8592195132664407,0.05,1.0,0.7512604986280232,0.5,0.04881623827449395,,,0.5531027418183745,,LearningParams_Fit_alpha_neg-exp_neg_Fix_alpha_pos-beta-exp_pos_
25,16,94.7329444790282,100247.0,0.7665957528157157,0.05,1.0,0.2589780456572973,0.5,0.0488163837294877,,,0.5531024081280709,,LearningParams_Fit_alpha_neg-exp_neg_Fix_alpha_pos-beta-exp_pos_
26,33,94.73294447902845,100247.0,0.4609502653441564,0.05,1.0,0.16841635850159786,0.5,0.048816395573224015,,,0.5531022096460749,,LearningParams_Fit_alpha_neg-exp_neg_Fix_alpha_pos-beta-exp_pos_
27,18,94.73294447903127,100247.0,0.9111539756332611,0.05,1.0,0.0842557656089713,0.5,0.0488162639767031,,,0.5531025960871038,,LearningParams_Fit_alpha_neg-exp_neg_Fix_alpha_pos-beta-exp_pos_
28,37,94.7329444790317,100247.0,0.3131427922907748,0.05,1.0,0.5685720551710269,0.5,0.04881637414192147,,,0.5531024798680098,,LearningParams_Fit_alpha_neg-exp_neg_Fix_alpha_pos-beta-exp_pos_
29,1,94.73294447903628,100247.0,0.3145444954444437,0.05,1.0,0.1529176676834505,0.5,0.048816268584112144,,,0.5531029580348439,,LearningParams_Fit_alpha_neg-exp_neg_Fix_alpha_pos-beta-exp_pos_
30,39,94.73294447903722,100247.0,0.5851224510722125,0.05,1.0,0.07940443437888678,0.5,0.04881624380353841,,,0.5531030438067992,,LearningParams_Fit_alpha_neg-exp_neg_Fix_alpha_pos-beta-exp_pos_
31,44,94.7329444790378,100247.0,0.2499195656476223,0.05,1.0,0.13334513820663407,0.5,0.0488162962780077,,,0.5531024487413803,,LearningParams_Fit_alpha_neg-exp_neg_Fix_alpha_pos-beta-exp_pos_
32,12,94.73294447903939,100247.0,0.5998353309236544,0.05,1.0,0.732316282579202,0.5,0.04881623385586819,,,0.5531027122611574,,LearningParams_Fit_alpha_neg-exp_neg_Fix_alpha_pos-beta-exp_pos_
33,21,94.7329444790399,100247.0,0.9255086582745956,0.05,1.0,0.3136003521164533,0.5,0.04881640840638116,,,0.5531021381216159,,LearningParams_Fit_alpha_neg-exp_neg_Fix_alpha_pos-beta-exp_pos_
34,11,94.73294447904229,100247.0,0.9250153055708936,0.05,1.0,0.8529426254062034,0.5,0.04881618936239998,,,0.5531029412717974,,LearningParams_Fit_alpha_neg-exp_neg_Fix_alpha_pos-beta-exp_pos_
35,22,94.73294447904422,100247.0,0.1462281181823477,0.05,1.0,0.9869166064569628,0.5,0.048816160836770206,,,0.5531031945848817,,LearningParams_Fit_alpha_neg-exp_neg_Fix_alpha_pos-beta-exp_pos_
36,45,94.73294447904611,100247.0,0.13833450117270552,0.05,1.0,0.7224596423979962,0.5,0.04881628936097875,,,0.5531029014938755,,LearningParams_Fit_alpha_neg-exp_neg_Fix_alpha_pos-beta-exp_pos_
37,43,94.73294447904672,100247.0,0.7610915584567339,0.05,1.0,0.007724698789396634,0.5,0.04881627263713778,,,0.5531025236121867,,LearningParams_Fit_alpha_neg-exp_neg_Fix_alpha_pos-beta-exp_pos_
38,46,94.73294447904806,100247.0,0.7721096701497486,0.05,1.0,0.2579401221130181,0.5,0.048816356707053164,,,0.5531026149505515,,LearningParams_Fit_alpha_neg-exp_neg_Fix_alpha_pos-beta-exp_pos_
39,14,94.73294447905893,100247.0,0.3696802205193065,0.05,1.0,0.03164855580147918,0.5,0.04881619577110368,,,0.5531028564016781,,LearningParams_Fit_alpha_neg-exp_neg_Fix_alpha_pos-beta-exp_pos_
40,24,94.73294447906281,100247.0,0.5757741752670823,0.05,1.0,0.15726392092719188,0.5,0.048816216810291566,,,0.5531027414424621,,LearningParams_Fit_alpha_neg-exp_neg_Fix_alpha_pos-beta-exp_pos_
41,13,94.7329444790658,100247.0,0.4857721806197455,0.05,1.0,0.5201277663951178,0.5,0.04881613612334832,,,0.5531032559345824,,LearningParams_Fit_alpha_neg-exp_neg_Fix_alpha_pos-beta-exp_pos_
42,48,94.73294447906716,100247.0,0.9281905204195121,0.05,1.0,0.2348583049455836,0.5,0.048816367496243636,,,0.5531026039896587,,LearningParams_Fit_alpha_neg-exp_neg_Fix_alpha_pos-beta-exp_pos_
43,26,94.73294447906751,100247.0,0.9054093987505212,0.05,1.0,0.2125772778661167,0.5,0.04881622292493986,,,0.5531031752547484,,LearningParams_Fit_alpha_neg-exp_neg_Fix_alpha_pos-beta-exp_pos_
44,28,94.7329444790743,100247.0,0.03652389612124685,0.05,1.0,0.7535481965979532,0.5,0.048816149884350235,,,0.5531030843519231,,LearningParams_Fit_alpha_neg-exp_neg_Fix_alpha_pos-beta-exp_pos_
45,6,94.73294447907742,100247.0,0.7391353412351096,0.05,1.0,0.1253643435396331,0.5,0.048816381610424016,,,0.5531020834356651,,LearningParams_Fit_alpha_neg-exp_neg_Fix_alpha_pos-beta-exp_pos_
46,0,94.73294447913729,100247.0,0.9561488013895768,0.05,1.0,0.1505134331926543,0.5,0.048816435616703985,,,0.5531018331135824,,LearningParams_Fit_alpha_neg-exp_neg_Fix_alpha_pos-beta-exp_pos_
47,29,195.01096254731232,100247.0,0.8740718403282891,0.05,1.0,0.3645873968932719,0.5,1.042990435149021,,,-0.3992384576310695,,LearningParams_Fit_alpha_neg-exp_neg_Fix_alpha_pos-beta-exp_pos_
48,47,195.5636966503136,100247.0,0.9028570225697662,0.05,1.0,0.6666751123430409,0.5,1.080877721353539,,,-0.43404001702814016,,LearningParams_Fit_alpha_neg-exp_neg_Fix_alpha_pos-beta-exp_pos_
49,3,,100247.0,0.83951038670762,0.05,1.0,0.3529132348849212,0.5,inf,,,inf,,LearningParams_Fit_alpha_neg-exp_neg_Fix_alpha_pos-beta-exp_pos_
0,18,49.12433069850889,406620.0,0.4491457890815155,0.05,1.0,0.31003188974347906,0.5,0.00276214582705998,,,1.1345234082017783,,LearningParams_Fit_alpha_neg-exp_neg_Fix_alpha_pos-beta-exp_pos_
1,21,49.1243306985095,406620.0,0.12967323831946775,0.05,1.0,0.4035849076903604,0.5,0.0027621452558877807,,,1.1345233953584182,,LearningParams_Fit_alpha_neg-exp_neg_Fix_alpha_pos-beta-exp_pos_
2,48,49.12433069850979,406620.0,0.03972748361236367,0.05,1.0,0.6379900607221545,0.5,0.002762139088047445,,,1.1345238147367054,,LearningParams_Fit_alpha_neg-exp_neg_Fix_alpha_pos-beta-exp_pos_
3,3,49.12433069850986,406620.0,0.8892051976265021,0.05,1.0,0.30832877545421244,0.5,0.0027621469565618853,,,1.134523308996969,,LearningParams_Fit_alpha_neg-exp_neg_Fix_alpha_pos-beta-exp_pos_
4,1,49.12433069851025,406620.0,0.8451577572557,0.05,1.0,0.023926751809086544,0.5,0.00276214579461028,,,1.134523440773868,,LearningParams_Fit_alpha_neg-exp_neg_Fix_alpha_pos-beta-exp_pos_
5,49,49.124330698510256,406620.0,0.7878916264222044,0.05,1.0,0.3103820614076813,0.5,0.0027621384716748467,,,1.134523880571814,,LearningParams_Fit_alpha_neg-exp_neg_Fix_alpha_pos-beta-exp_pos_
6,43,49.12433069851034,406620.0,0.011321200039873023,0.05,1.0,0.8474083198516117,0.5,0.0027621397196404386,,,1.1345237469817722,,LearningParams_Fit_alpha_neg-exp_neg_Fix_alpha_pos-beta-exp_pos_
7,37,49.12433069851043,406620.0,0.1696503222482426,0.05,1.0,0.29295083526364885,0.5,0.002762142523544469,,,1.1345236670704075,,LearningParams_Fit_alpha_neg-exp_neg_Fix_alpha_pos-beta-exp_pos_
8,26,49.12433069851203,406620.0,0.5646014027093039,0.05,1.0,0.2133921679749582,0.5,0.0027621433230328447,,,1.1345236302246624,,LearningParams_Fit_alpha_neg-exp_neg_Fix_alpha_pos-beta-exp_pos_
9,23,49.12433069851218,406620.0,0.5395131801151644,0.05,1.0,0.019093546438944783,0.5,0.0027621419456483644,,,1.1345237193083435,,LearningParams_Fit_alpha_neg-exp_neg_Fix_alpha_pos-beta-exp_pos_
10,33,49.12433069851286,406620.0,0.6889803050683521,0.05,1.0,0.3866363626921127,0.5,0.0027621492563916,,,1.1345231639218143,,LearningParams_Fit_alpha_neg-exp_neg_Fix_alpha_pos-beta-exp_pos_
11,41,49.12433069851302,406620.0,0.02608991248710335,0.05,1.0,0.9094597254527363,0.5,0.0027621407798424195,,,1.1345236434688366,,LearningParams_Fit_alpha_neg-exp_neg_Fix_alpha_pos-beta-exp_pos_
12,46,49.124330698513596,406620.0,0.4775351580734397,0.05,1.0,0.11245705917715032,0.5,0.0027621362145565788,,,1.1345240056122337,,LearningParams_Fit_alpha_neg-exp_neg_Fix_alpha_pos-beta-exp_pos_
13,32,49.12433069851379,406620.0,0.7622379713562328,0.05,1.0,0.022116867983539845,0.5,0.0027621481853218684,,,1.1345231859756542,,LearningParams_Fit_alpha_neg-exp_neg_Fix_alpha_pos-beta-exp_pos_
14,15,49.124330698514825,406620.0,0.484071690038331,0.05,1.0,0.07603261305088127,0.5,0.002762144989947212,,,1.1345235397984397,,LearningParams_Fit_alpha_neg-exp_neg_Fix_alpha_pos-beta-exp_pos_
15,30,49.12433069852013,406620.0,0.06580500189250349,0.05,1.0,0.2127879695835224,0.5,0.0027621461789337906,,,1.1345234906545167,,LearningParams_Fit_alpha_neg-exp_neg_Fix_alpha_pos-beta-exp_pos_
16,44,49.12433069852013,406620.0,0.8104052491338991,0.05,1.0,0.29881399468589875,0.5,0.002762141180287845,,,1.134523817676604,,LearningParams_Fit_alpha_neg-exp_neg_Fix_alpha_pos-beta-exp_pos_
17,17,49.124330698520204,406620.0,0.6692792232269837,0.05,1.0,0.061370813266756086,0.5,0.002762150075613559,,,1.1345232077852945,,LearningParams_Fit_alpha_neg-exp_neg_Fix_alpha_pos-beta-exp_pos_
18,5,49.124330698521824,406620.0,0.7665204449361133,0.05,1.0,0.3358423283676724,0.5,0.0027621354956824896,,,1.1345241556330703,,LearningParams_Fit_alpha_neg-exp_neg_Fix_alpha_pos-beta-exp_pos_
19,19,49.12433069852732,406620.0,0.719103164804407,0.05,1.0,0.20794523159397404,0.5,0.0027621373030715306,,,1.1345238052288074,,LearningParams_Fit_alpha_neg-exp_neg_Fix_alpha_pos-beta-exp_pos_
20,27,49.124330698529214,406620.0,0.7047127388911786,0.05,1.0,0.12291334904591368,0.5,0.002762153880218248,,,1.1345227873008996,,LearningParams_Fit_alpha_neg-exp_neg_Fix_alpha_pos-beta-exp_pos_
21,22,49.124330698535424,406620.0,0.2623833523178041,0.05,1.0,0.1422513608389142,0.5,0.002762154452732316,,,1.1345229550045903,,LearningParams_Fit_alpha_neg-exp_neg_Fix_alpha_pos-beta-exp_pos_
22,14,92.82013648040108,406620.0,0.13980623905838496,0.05,1.0,0.5278613628418903,0.5,-3.625926897901828,,,-1.7151623885622524,,LearningParams_Fit_alpha_neg-exp_neg_Fix_alpha_pos-beta-exp_pos_
23,24,92.82013648040116,406620.0,0.7421832300245922,0.05,1.0,0.6474705867893118,0.5,-3.625926249218902,,,-1.715162241896714,,LearningParams_Fit_alpha_neg-exp_neg_Fix_alpha_pos-beta-exp_pos_
24,47,95.38619318092354,406620.0,0.907204456951258,0.05,1.0,0.857128589403291,0.5,4.8470321720734235,,,-21.96241343211077,,LearningParams_Fit_alpha_neg-exp_neg_Fix_alpha_pos-beta-exp_pos_
25,28,95.38619318092354,406620.0,0.4780419633331698,0.05,1.0,0.5803593940737586,0.5,3.4250551249131465,,,-21.876687032615784,,LearningParams_Fit_alpha_neg-exp_neg_Fix_alpha_pos-beta-exp_pos_
26,6,95.38619318092354,406620.0,0.6804199541876379,0.05,1.0,0.40338996983712105,0.5,6.768675174883647,,,-22.22775248004303,,LearningParams_Fit_alpha_neg-exp_neg_Fix_alpha_pos-beta-exp_pos_
27,9,95.38619318092354,406620.0,0.4617727389280074,0.05,1.0,0.8615889636694668,0.5,2.4029543996960223,,,-21.414356166358992,,LearningParams_Fit_alpha_neg-exp_neg_Fix_alpha_pos-beta-exp_pos_
28,34,95.38619318092354,406620.0,0.21171122541848808,0.05,1.0,0.4642139697646304,0.5,0.5689842557743658,,,-20.517078795314085,,LearningParams_Fit_alpha_neg-exp_neg_Fix_alpha_pos-beta-exp_pos_
29,16,95.38619318092356,406620.0,0.6649323665697842,0.05,1.0,0.9616936989345808,0.5,4.598650169364227,,,-27.61958007028036,,LearningParams_Fit_alpha_neg-exp_neg_Fix_alpha_pos-beta-exp_pos_
30,2,95.38619318092356,406620.0,0.7365850291087009,0.05,1.0,0.6957398813391059,0.5,4.51365135207839,,,-22.35342936527805,,LearningParams_Fit_alpha_neg-exp_neg_Fix_alpha_pos-beta-exp_pos_
31,45,95.38619318092356,406620.0,0.7068885718793014,0.05,1.0,0.6948816384893729,0.5,4.331677175264792,,,-22.325854877406453,,LearningParams_Fit_alpha_neg-exp_neg_Fix_alpha_pos-beta-exp_pos_
32,4,95.38619318092356,406620.0,0.5331768533542357,0.05,1.0,0.6443592021848279,0.5,4.1981754460721055,,,-28.33264401946587,,LearningParams_Fit_alpha_neg-exp_neg_Fix_alpha_pos-beta-exp_pos_
33,42,95.38619318092356,406620.0,0.7817932082438317,0.05,1.0,0.5295250009237499,0.5,6.155753067874981,,,-23.28335391146722,,LearningParams_Fit_alpha_neg-exp_neg_Fix_alpha_pos-beta-exp_pos_
34,7,95.38619318092356,406620.0,0.3256714639449925,0.05,1.0,0.7994396691935075,0.5,1.9956520774627335,,,-25.685200254329434,,LearningParams_Fit_alpha_neg-exp_neg_Fix_alpha_pos-beta-exp_pos_
35,40,95.38619318092356,406620.0,0.7242732748057521,0.05,1.0,0.6513688806975575,0.5,5.702847487483924,,,-28.640861431925718,,LearningParams_Fit_alpha_neg-exp_neg_Fix_alpha_pos-beta-exp_pos_
36,8,95.38619318092356,406620.0,0.7237523586426491,0.05,1.0,0.8029258043845842,0.5,4.435015216247944,,,-25.797206305501145,,LearningParams_Fit_alpha_neg-exp_neg_Fix_alpha_pos-beta-exp_pos_
37,36,95.38619318092356,406620.0,0.7140725628346382,0.05,1.0,0.8648708684668287,0.5,6.4614501562201125,,,-28.684320737178265,,LearningParams_Fit_alpha_neg-exp_neg_Fix_alpha_pos-beta-exp_pos_
38,35,95.38619318092356,406620.0,0.1529751223881507,0.05,1.0,0.9650133283319886,0.5,0.8289227402081889,,,-24.94926988111285,,LearningParams_Fit_alpha_neg-exp_neg_Fix_alpha_pos-beta-exp_pos_
39,10,95.38619318092356,406620.0,0.33747225630954497,0.05,1.0,0.5458803901105076,0.5,2.6572191408092234,,,-24.0025046864651,,LearningParams_Fit_alpha_neg-exp_neg_Fix_alpha_pos-beta-exp_pos_
40,31,95.38619318092356,406620.0,0.6870519619078409,0.05,1.0,0.5728630848354402,0.5,5.409770995330413,,,-25.188940888098067,,LearningParams_Fit_alpha_neg-exp_neg_Fix_alpha_pos-beta-exp_pos_
41,11,95.38619318092356,406620.0,0.4279280828516586,0.05,1.0,0.9862203646333736,0.5,2.942423468123573,,,-23.717829284772744,,LearningParams_Fit_alpha_neg-exp_neg_Fix_alpha_pos-beta-exp_pos_
42,29,95.38619318092356,406620.0,0.9312332126360306,0.05,1.0,0.33447002568303497,0.5,12.338186430833927,,,-25.18316769961545,,LearningParams_Fit_alpha_neg-exp_neg_Fix_alpha_pos-beta-exp_pos_
43,12,95.38619318092356,406620.0,0.5788702472699442,0.05,1.0,0.5099189187561982,0.5,6.511371664451097,,,-24.760397856857963,,LearningParams_Fit_alpha_neg-exp_neg_Fix_alpha_pos-beta-exp_pos_
44,13,95.38619318092356,406620.0,0.3652316790714799,0.05,1.0,0.4668078658520301,0.5,3.633248237353121,,,-25.72223028273527,,LearningParams_Fit_alpha_neg-exp_neg_Fix_alpha_pos-beta-exp_pos_
45,25,95.38619318092356,406620.0,0.3965744536458573,0.05,1.0,0.8782897055543282,0.5,2.1489087747130267,,,-22.707133937262753,,LearningParams_Fit_alpha_neg-exp_neg_Fix_alpha_pos-beta-exp_pos_
46,20,95.38619318092356,406620.0,0.9135034571499071,0.05,1.0,0.6659307904683809,0.5,4.371702823987379,,,-24.93676694010565,,LearningParams_Fit_alpha_neg-exp_neg_Fix_alpha_pos-beta-exp_pos_
47,0,95.38619318092356,406620.0,0.830699096378292,0.05,1.0,0.7045300367353333,0.5,5.090364250377771,,,-22.635848302339888,,LearningParams_Fit_alpha_neg-exp_neg_Fix_alpha_pos-beta-exp_pos_
48,38,225.2279603060852,406620.0,0.5493586504395678,0.05,1.0,0.5647955864449398,0.5,0.5758215347877387,,,-0.2102385558768166,,LearningParams_Fit_alpha_neg-exp_neg_Fix_alpha_pos-beta-exp_pos_
49,39,252.30461314090198,406620.0,0.9654966471817714,0.05,1.0,0.3905562026400233,0.5,1.2864760128011887,,,-0.4952052668872332,,LearningParams_Fit_alpha_neg-exp_neg_Fix_alpha_pos-beta-exp_pos_
0,44,102.44562935980663,407260.0,0.6954423205428063,0.05,1.0,0.7232261887491785,0.5,0.15150056754448762,,,0.4025947865969869,,LearningParams_Fit_alpha_neg-exp_neg_Fix_alpha_pos-beta-exp_pos_
1,31,102.44562935980669,407260.0,0.28709989223170274,0.05,1.0,0.9097055961420768,0.5,0.15150043188601695,,,0.4025950768734196,,LearningParams_Fit_alpha_neg-exp_neg_Fix_alpha_pos-beta-exp_pos_
2,26,102.44562935980812,407260.0,0.36488825483955195,0.05,1.0,0.5404899302836907,0.5,0.15150057287774493,,,0.40259481883426573,,LearningParams_Fit_alpha_neg-exp_neg_Fix_alpha_pos-beta-exp_pos_
3,10,102.44562935981527,407260.0,0.8874196874444679,0.05,1.0,0.19300374834605816,0.5,0.15150051641338108,,,0.4025949874326149,,LearningParams_Fit_alpha_neg-exp_neg_Fix_alpha_pos-beta-exp_pos_
4,20,102.44562935981656,407260.0,0.4940953829876304,0.05,1.0,0.9230799427664677,0.5,0.15150046179843496,,,0.4025950791838449,,LearningParams_Fit_alpha_neg-exp_neg_Fix_alpha_pos-beta-exp_pos_
5,11,102.44562935981982,407260.0,0.352265368741687,0.05,1.0,0.9832172367684976,0.5,0.15150053694915494,,,0.4025947144196832,,LearningParams_Fit_alpha_neg-exp_neg_Fix_alpha_pos-beta-exp_pos_
6,1,102.44562935982012,407260.0,0.3802681031258421,0.05,1.0,0.4303024803883349,0.5,0.15150064446991432,,,0.4025946906947203,,LearningParams_Fit_alpha_neg-exp_neg_Fix_alpha_pos-beta-exp_pos_
7,28,102.44562935982115,407260.0,0.6116057970074006,0.05,1.0,0.0013941784337931915,0.5,0.15150032898108334,,,0.4025952505996615,,LearningParams_Fit_alpha_neg-exp_neg_Fix_alpha_pos-beta-exp_pos_
8,15,102.44562935982151,407260.0,0.1394307154021921,0.05,1.0,0.03063207709196658,0.5,0.15150029053697814,,,0.4025951143754553,,LearningParams_Fit_alpha_neg-exp_neg_Fix_alpha_pos-beta-exp_pos_
9,34,102.44562935982248,407260.0,0.26048012703541656,0.05,1.0,0.2515319210310857,0.5,0.15150058648788328,,,0.4025946581928089,,LearningParams_Fit_alpha_neg-exp_neg_Fix_alpha_pos-beta-exp_pos_
10,30,102.44562935982347,407260.0,0.9466796489035608,0.05,1.0,0.7952838191214221,0.5,0.15150036001629394,,,0.4025949591950581,,LearningParams_Fit_alpha_neg-exp_neg_Fix_alpha_pos-beta-exp_pos_
11,8,102.44562935982376,407260.0,0.7480223632727112,0.05,1.0,0.1080748800661403,0.5,0.15150063453714374,,,0.4025947772616605,,LearningParams_Fit_alpha_neg-exp_neg_Fix_alpha_pos-beta-exp_pos_
12,3,102.44562935982496,407260.0,0.633959011933178,0.05,1.0,0.2217192164654075,0.5,0.15150056438436138,,,0.4025949374718189,,LearningParams_Fit_alpha_neg-exp_neg_Fix_alpha_pos-beta-exp_pos_
13,41,102.44562935982826,407260.0,0.4311288701737198,0.05,1.0,0.40979242347849704,0.5,0.1515002371998186,,,0.4025953074241123,,LearningParams_Fit_alpha_neg-exp_neg_Fix_alpha_pos-beta-exp_pos_
14,14,102.44562935982887,407260.0,0.4953951296622096,0.05,1.0,0.12992720598523233,0.5,0.15150035648167678,,,0.4025952523458591,,LearningParams_Fit_alpha_neg-exp_neg_Fix_alpha_pos-beta-exp_pos_
15,25,102.44562935982901,407260.0,0.04871127778375362,0.05,1.0,0.5418125852212595,0.5,0.15150038635695706,,,0.4025952193033654,,LearningParams_Fit_alpha_neg-exp_neg_Fix_alpha_pos-beta-exp_pos_
16,45,102.44562935983204,407260.0,0.15864567462308288,0.05,1.0,0.7382682601788275,0.5,0.15150021867636826,,,0.40259527909902937,,LearningParams_Fit_alpha_neg-exp_neg_Fix_alpha_pos-beta-exp_pos_
17,23,102.4456293598366,407260.0,0.09000637595268968,0.05,1.0,0.37030772182053306,0.5,0.15150067336946582,,,0.4025945516063623,,LearningParams_Fit_alpha_neg-exp_neg_Fix_alpha_pos-beta-exp_pos_
18,43,102.44562935983996,407260.0,0.2541071013880397,0.05,1.0,0.1319359244545032,0.5,0.15150026108308512,,,0.4025951014297317,,LearningParams_Fit_alpha_neg-exp_neg_Fix_alpha_pos-beta-exp_pos_
19,5,102.44562935984085,407260.0,0.9117261932613688,0.05,1.0,0.07709164683762915,0.5,0.15150071529264644,,,0.4025946295203275,,LearningParams_Fit_alpha_neg-exp_neg_Fix_alpha_pos-beta-exp_pos_
20,9,102.44562935984185,407260.0,0.0060454391674990005,0.05,1.0,0.153121703460391,0.5,0.15150047902975725,,,0.4025951271593938,,LearningParams_Fit_alpha_neg-exp_neg_Fix_alpha_pos-beta-exp_pos_
21,4,102.44562935984864,407260.0,0.4322223949790932,0.05,1.0,0.8045837543147498,0.5,0.15150056747812285,,,0.40259499978588986,,LearningParams_Fit_alpha_neg-exp_neg_Fix_alpha_pos-beta-exp_pos_
22,32,102.44562935984915,407260.0,0.8614545183988591,0.05,1.0,0.9190727837626622,0.5,0.15150046522753782,,,0.40259472504649213,,LearningParams_Fit_alpha_neg-exp_neg_Fix_alpha_pos-beta-exp_pos_
23,29,102.44562935985293,407260.0,0.7625887341783321,0.05,1.0,0.1403088140496166,0.5,0.15150051127869518,,,0.40259510258050696,,LearningParams_Fit_alpha_neg-exp_neg_Fix_alpha_pos-beta-exp_pos_
24,2,102.445629359853,407260.0,0.4561099805376615,0.05,1.0,0.8785577664090081,0.5,0.15150074267745606,,,0.402594618161084,,LearningParams_Fit_alpha_neg-exp_neg_Fix_alpha_pos-beta-exp_pos_
25,13,102.44562935985407,407260.0,0.036355735206838435,0.05,1.0,0.5711525294219847,0.5,0.1515005127928648,,,0.4025946505686194,,LearningParams_Fit_alpha_neg-exp_neg_Fix_alpha_pos-beta-exp_pos_
26,12,102.44562935985941,407260.0,0.5239769584314629,0.05,1.0,0.18399075796620626,0.5,0.1515007670101851,,,0.4025944599147065,,LearningParams_Fit_alpha_neg-exp_neg_Fix_alpha_pos-beta-exp_pos_
27,16,102.44562935986058,407260.0,0.5338682663631483,0.05,1.0,0.5268301294884872,0.5,0.151500425350197,,,0.4025947591725526,,LearningParams_Fit_alpha_neg-exp_neg_Fix_alpha_pos-beta-exp_pos_
28,19,102.44562935986168,407260.0,0.7059685762448563,0.05,1.0,0.4010809046613836,0.5,0.15150027910003774,,,0.40259541788669584,,LearningParams_Fit_alpha_neg-exp_neg_Fix_alpha_pos-beta-exp_pos_
29,0,102.4456293598674,407260.0,0.3882272517315163,0.05,1.0,0.8278091021940169,0.5,0.15150056908000475,,,0.4025945544608026,,LearningParams_Fit_alpha_neg-exp_neg_Fix_alpha_pos-beta-exp_pos_
30,21,102.44562935987122,407260.0,0.4513818600518692,0.05,1.0,0.7920344655059544,0.5,0.1515001406399436,,,0.40259529275022543,,LearningParams_Fit_alpha_neg-exp_neg_Fix_alpha_pos-beta-exp_pos_
31,46,102.44562935987227,407260.0,0.9841577802319194,0.05,1.0,0.18502087878927032,0.5,0.15150015634312025,,,0.4025952450482112,,LearningParams_Fit_alpha_neg-exp_neg_Fix_alpha_pos-beta-exp_pos_
32,49,102.4456293598752,407260.0,0.39335682655952464,0.05,1.0,0.8552968119140527,0.5,0.151500531091358,,,0.4025951151511967,,LearningParams_Fit_alpha_neg-exp_neg_Fix_alpha_pos-beta-exp_pos_
33,42,102.44562935988004,407260.0,0.06022125539507061,0.05,1.0,0.6154041279877394,0.5,0.15150035158636882,,,0.4025953754594057,,LearningParams_Fit_alpha_neg-exp_neg_Fix_alpha_pos-beta-exp_pos_
34,36,102.44562935988395,407260.0,0.5776023734619098,0.05,1.0,0.7924714407422072,0.5,0.15150028246489894,,,0.4025949512700369,,LearningParams_Fit_alpha_neg-exp_neg_Fix_alpha_pos-beta-exp_pos_
35,38,102.44562935988442,407260.0,0.007948663054252458,0.05,1.0,0.025822410717744715,0.5,0.15150042396521296,,,0.4025952894166405,,LearningParams_Fit_alpha_neg-exp_neg_Fix_alpha_pos-beta-exp_pos_
36,47,102.44562935989148,407260.0,0.8144655916667346,0.05,1.0,0.2438982895881365,0.5,0.15150073871073952,,,0.4025947617099316,,LearningParams_Fit_alpha_neg-exp_neg_Fix_alpha_pos-beta-exp_pos_
37,7,102.44562935989691,407260.0,0.2025708732045709,0.05,1.0,0.6751023072949804,0.5,0.1515001828176889,,,0.4025951196743929,,LearningParams_Fit_alpha_neg-exp_neg_Fix_alpha_pos-beta-exp_pos_
38,39,102.44562935990663,407260.0,0.056881469360978036,0.05,1.0,0.9446209634530864,0.5,0.15150050489952774,,,0.40259520741551136,,LearningParams_Fit_alpha_neg-exp_neg_Fix_alpha_pos-beta-exp_pos_
39,17,102.44562935990707,407260.0,0.30869318451394445,0.05,1.0,0.02331618567841787,0.5,0.1515008685651174,,,0.40259445057774346,,LearningParams_Fit_alpha_neg-exp_neg_Fix_alpha_pos-beta-exp_pos_
40,27,102.44562935994915,407260.0,0.28722395280669033,0.05,1.0,0.5498227814880193,0.5,0.15150057093159913,,,0.4025951634871983,,LearningParams_Fit_alpha_neg-exp_neg_Fix_alpha_pos-beta-exp_pos_
41,6,102.44562935995904,407260.0,0.745740351368106,0.05,1.0,0.21449778449870704,0.5,0.15150043374917702,,,0.4025953816827159,,LearningParams_Fit_alpha_neg-exp_neg_Fix_alpha_pos-beta-exp_pos_
42,22,102.44562935996328,407260.0,0.6301854545299523,0.05,1.0,0.5442959679462086,0.5,0.15150006195149995,,,0.4025952555474712,,LearningParams_Fit_alpha_neg-exp_neg_Fix_alpha_pos-beta-exp_pos_
43,24,102.44562935996684,407260.0,0.5009953533717774,0.05,1.0,0.8884383077666522,0.5,0.15150042248373258,,,0.4025946045536028,,LearningParams_Fit_alpha_neg-exp_neg_Fix_alpha_pos-beta-exp_pos_
44,48,102.44562935998069,407260.0,0.5078105593625986,0.05,1.0,0.2678371167007941,0.5,0.15149990891133194,,,0.4025956626387716,,LearningParams_Fit_alpha_neg-exp_neg_Fix_alpha_pos-beta-exp_pos_
45,40,142.68444917474528,407260.0,0.7440094310316501,0.05,1.0,0.6170187562997602,0.5,0.6984349576825932,,,-0.027498940032879976,,LearningParams_Fit_alpha_neg-exp_neg_Fix_alpha_pos-beta-exp_pos_
46,37,142.6844491747464,407260.0,0.7067902544356816,0.05,1.0,0.5005403790463047,0.5,0.6984346833892792,,,-0.02749852092585595,,LearningParams_Fit_alpha_neg-exp_neg_Fix_alpha_pos-beta-exp_pos_
47,18,142.68444917474812,407260.0,0.6956234711101661,0.05,1.0,0.8737843822111404,0.5,0.6984349711420954,,,-0.027498960566102085,,LearningParams_Fit_alpha_neg-exp_neg_Fix_alpha_pos-beta-exp_pos_
48,33,150.0349259822424,407260.0,0.8585865643349583,0.05,1.0,0.4688886225663072,0.5,0.8744786145789825,,,-0.13674427916084453,,LearningParams_Fit_alpha_neg-exp_neg_Fix_alpha_pos-beta-exp_pos_
49,35,150.05912414781858,407260.0,0.8917002484633717,0.05,1.0,0.9270695646818902,0.5,0.8871639659027767,,,-0.15110931150582402,,LearningParams_Fit_alpha_neg-exp_neg_Fix_alpha_pos-beta-exp_pos_
0,38,121.25154953257493,411477.0,0.4962187107401354,0.05,1.0,0.6029855004105545,0.5,0.18472351558327474,,,0.08264593163521355,,LearningParams_Fit_alpha_neg-exp_neg_Fix_alpha_pos-beta-exp_pos_
1,27,121.25154953257805,411477.0,0.3175824623713185,0.05,1.0,0.18764455993813445,0.5,0.18472338127802407,,,0.08264626029178003,,LearningParams_Fit_alpha_neg-exp_neg_Fix_alpha_pos-beta-exp_pos_
2,10,121.25154953257908,411477.0,0.163755802718487,0.05,1.0,0.8932759313690319,0.5,0.18472330507699647,,,0.08264630122650124,,LearningParams_Fit_alpha_neg-exp_neg_Fix_alpha_pos-beta-exp_pos_
3,36,121.25154953257969,411477.0,0.2718222816767146,0.05,1.0,0.6910787032368239,0.5,0.1847234683472534,,,0.08264588340206944,,LearningParams_Fit_alpha_neg-exp_neg_Fix_alpha_pos-beta-exp_pos_
4,40,121.25154953258007,411477.0,0.5795773632758506,0.05,1.0,0.5134196572856232,0.5,0.18472329640388047,,,0.08264623770225196,,LearningParams_Fit_alpha_neg-exp_neg_Fix_alpha_pos-beta-exp_pos_
5,3,121.25154953258087,411477.0,0.5245408467568136,0.05,1.0,0.9401634782328806,0.5,0.18472332184747936,,,0.08264634311656091,,LearningParams_Fit_alpha_neg-exp_neg_Fix_alpha_pos-beta-exp_pos_
6,6,121.25154953258098,411477.0,0.8446350829911106,0.05,1.0,0.08747656479231858,0.5,0.18472335172302815,,,0.0826460689038634,,LearningParams_Fit_alpha_neg-exp_neg_Fix_alpha_pos-beta-exp_pos_
7,45,121.25154953258213,411477.0,0.8606498875350833,0.05,1.0,0.6765445750367729,0.5,0.184723562469628,,,0.08264598267075955,,LearningParams_Fit_alpha_neg-exp_neg_Fix_alpha_pos-beta-exp_pos_
8,2,121.25154953258252,411477.0,0.8553098338170357,0.05,1.0,0.5119672563614635,0.5,0.1847233116079819,,,0.08264636543202293,,LearningParams_Fit_alpha_neg-exp_neg_Fix_alpha_pos-beta-exp_pos_
9,13,121.25154953258287,411477.0,0.3853002040787771,0.05,1.0,0.9589840147031532,0.5,0.1847235096483054,,,0.08264580551944402,,LearningParams_Fit_alpha_neg-exp_neg_Fix_alpha_pos-beta-exp_pos_
10,47,121.25154953258345,411477.0,0.4145866011771763,0.05,1.0,0.6954852539371724,0.5,0.1847232775629736,,,0.08264638296735663,,LearningParams_Fit_alpha_neg-exp_neg_Fix_alpha_pos-beta-exp_pos_
11,41,121.25154953258392,411477.0,0.2509755278649232,0.05,1.0,0.05791748421868004,0.5,0.18472326307612374,,,0.08264628190960988,,LearningParams_Fit_alpha_neg-exp_neg_Fix_alpha_pos-beta-exp_pos_
12,42,121.25154953258397,411477.0,0.3359901499528559,0.05,1.0,0.26435828001079564,0.5,0.1847232660044361,,,0.08264638464385637,,LearningParams_Fit_alpha_neg-exp_neg_Fix_alpha_pos-beta-exp_pos_
13,14,121.2515495325844,411477.0,0.7131969610240477,0.05,1.0,0.9890030303974492,0.5,0.18472328434939667,,,0.0826461949654092,,LearningParams_Fit_alpha_neg-exp_neg_Fix_alpha_pos-beta-exp_pos_
14,22,121.25154953258452,411477.0,0.7320921905234458,0.05,1.0,0.4007242757675376,0.5,0.18472361571398946,,,0.08264584185707624,,LearningParams_Fit_alpha_neg-exp_neg_Fix_alpha_pos-beta-exp_pos_
15,20,121.25154953258505,411477.0,0.005403123165666046,0.05,1.0,0.2633334587198708,0.5,0.18472357843854853,,,0.08264573083878925,,LearningParams_Fit_alpha_neg-exp_neg_Fix_alpha_pos-beta-exp_pos_
16,39,121.25154953258541,411477.0,0.7232148291725615,0.05,1.0,0.6562440039971679,0.5,0.1847235965898293,,,0.0826457218682014,,LearningParams_Fit_alpha_neg-exp_neg_Fix_alpha_pos-beta-exp_pos_
17,21,121.25154953258644,411477.0,0.4958996334578407,0.05,1.0,0.6114976808367246,0.5,0.18472344830854692,,,0.08264585531944431,,LearningParams_Fit_alpha_neg-exp_neg_Fix_alpha_pos-beta-exp_pos_
18,9,121.25154953258672,411477.0,0.3137885820908438,0.05,1.0,0.05353488361716807,0.5,0.18472328768477672,,,0.08264616079945508,,LearningParams_Fit_alpha_neg-exp_neg_Fix_alpha_pos-beta-exp_pos_
19,11,121.25154953258922,411477.0,0.08881356379239858,0.05,1.0,0.7658729311264458,0.5,0.18472360560522733,,,0.08264567588764432,,LearningParams_Fit_alpha_neg-exp_neg_Fix_alpha_pos-beta-exp_pos_
20,19,121.25154953259027,411477.0,0.060646896660165324,0.05,1.0,0.19748416774312427,0.5,0.18472355289714448,,,0.08264608076663855,,LearningParams_Fit_alpha_neg-exp_neg_Fix_alpha_pos-beta-exp_pos_
21,25,121.25154953259029,411477.0,0.21075838289324766,0.05,1.0,0.8964006895821244,0.5,0.18472342070948372,,,0.08264631079500515,,LearningParams_Fit_alpha_neg-exp_neg_Fix_alpha_pos-beta-exp_pos_
22,4,121.25154953259072,411477.0,0.2719808083075487,0.05,1.0,0.8287506062863121,0.5,0.18472322328906315,,,0.08264647028915867,,LearningParams_Fit_alpha_neg-exp_neg_Fix_alpha_pos-beta-exp_pos_
23,0,121.25154953259072,411477.0,0.9185644831365416,0.05,1.0,0.4803368945751623,0.5,0.18472326046462725,,,0.08264619059701518,,LearningParams_Fit_alpha_neg-exp_neg_Fix_alpha_pos-beta-exp_pos_
24,49,121.25154953259093,411477.0,0.07984152823107538,0.05,1.0,0.6338149412339041,0.5,0.18472357605508616,,,0.08264603526683473,,LearningParams_Fit_alpha_neg-exp_neg_Fix_alpha_pos-beta-exp_pos_
25,8,121.2515495325914,411477.0,0.13222834626112034,0.05,1.0,0.8818485574233965,0.5,0.18472346033738504,,,0.08264580604313829,,LearningParams_Fit_alpha_neg-exp_neg_Fix_alpha_pos-beta-exp_pos_
26,43,121.25154953259232,411477.0,0.7084571744650783,0.05,1.0,0.7191185269557987,0.5,0.18472346428552286,,,0.08264579501741239,,LearningParams_Fit_alpha_neg-exp_neg_Fix_alpha_pos-beta-exp_pos_
27,32,121.25154953259414,411477.0,0.17386557828987048,0.05,1.0,0.8729026639059979,0.5,0.18472368279037948,,,0.08264565100272556,,LearningParams_Fit_alpha_neg-exp_neg_Fix_alpha_pos-beta-exp_pos_
28,37,121.25154953259495,411477.0,0.3769411451099973,0.05,1.0,0.3772446546507292,0.5,0.1847235192972396,,,0.082645709285142,,LearningParams_Fit_alpha_neg-exp_neg_Fix_alpha_pos-beta-exp_pos_
29,26,121.25154953259512,411477.0,0.4977814163109998,0.05,1.0,0.5645582958826534,0.5,0.18472346661490235,,,0.08264626844845653,,LearningParams_Fit_alpha_neg-exp_neg_Fix_alpha_pos-beta-exp_pos_
30,28,121.25154953259528,411477.0,0.6509223190997333,0.05,1.0,0.680474334927558,0.5,0.1847236849688132,,,0.08264575260411358,,LearningParams_Fit_alpha_neg-exp_neg_Fix_alpha_pos-beta-exp_pos_
31,23,121.25154953259629,411477.0,0.6347625584215711,0.05,1.0,0.5191887297203338,0.5,0.18472321087846852,,,0.08264653750576861,,LearningParams_Fit_alpha_neg-exp_neg_Fix_alpha_pos-beta-exp_pos_
32,34,121.25154953259675,411477.0,0.5240092013517081,0.05,1.0,0.8377121638863042,0.5,0.18472363887228985,,,0.08264592838638966,,LearningParams_Fit_alpha_neg-exp_neg_Fix_alpha_pos-beta-exp_pos_
33,35,121.25154953259712,411477.0,0.5080872801766904,0.05,1.0,0.9994554056384468,0.5,0.18472334811555874,,,0.08264644522914748,,LearningParams_Fit_alpha_neg-exp_neg_Fix_alpha_pos-beta-exp_pos_
34,24,121.2515495325987,411477.0,0.9761419274384759,0.05,1.0,0.9615608917913072,0.5,0.18472319538576065,,,0.08264630413244081,,LearningParams_Fit_alpha_neg-exp_neg_Fix_alpha_pos-beta-exp_pos_
35,30,121.25154953259899,411477.0,0.41687786281899,0.05,1.0,0.3223085662530521,0.5,0.1847235377968381,,,0.08264616489594771,,LearningParams_Fit_alpha_neg-exp_neg_Fix_alpha_pos-beta-exp_pos_
36,29,121.25154953260012,411477.0,0.1772766402628284,0.05,1.0,0.2477440465815397,0.5,0.18472352558310265,,,0.08264567273711221,,LearningParams_Fit_alpha_neg-exp_neg_Fix_alpha_pos-beta-exp_pos_
37,7,121.25154953260044,411477.0,0.6248945399809942,0.05,1.0,0.6480951110865281,0.5,0.1847233746843875,,,0.08264643023688581,,LearningParams_Fit_alpha_neg-exp_neg_Fix_alpha_pos-beta-exp_pos_
38,15,121.2515495326007,411477.0,0.32697416519689115,0.05,1.0,0.7063781241809192,0.5,0.18472372183442806,,,0.08264565319635064,,LearningParams_Fit_alpha_neg-exp_neg_Fix_alpha_pos-beta-exp_pos_
39,48,121.25154953260169,411477.0,0.34168264044399976,0.05,1.0,0.5105151077944592,0.5,0.18472372474831505,,,0.08264566250748298,,LearningParams_Fit_alpha_neg-exp_neg_Fix_alpha_pos-beta-exp_pos_
40,33,121.2515495326051,411477.0,0.9311482858997704,0.05,1.0,0.5802207678299017,0.5,0.1847232316351729,,,0.08264615571869763,,LearningParams_Fit_alpha_neg-exp_neg_Fix_alpha_pos-beta-exp_pos_
41,31,121.25154953260537,411477.0,0.8401587226261948,0.05,1.0,0.9567562152554056,0.5,0.18472370015223452,,,0.08264582372002499,,LearningParams_Fit_alpha_neg-exp_neg_Fix_alpha_pos-beta-exp_pos_
42,12,121.25154953260568,411477.0,0.2877172878943441,0.05,1.0,0.494952148215715,0.5,0.1847232170271044,,,0.08264618665661352,,LearningParams_Fit_alpha_neg-exp_neg_Fix_alpha_pos-beta-exp_pos_
43,46,121.25154953260629,411477.0,0.3075845087262218,0.05,1.0,0.7471807695791755,0.5,0.1847231735175088,,,0.08264630153468866,,LearningParams_Fit_alpha_neg-exp_neg_Fix_alpha_pos-beta-exp_pos_
44,17,121.2515495326194,411477.0,0.2381416280698887,0.05,1.0,0.1190385493590187,0.5,0.1847232258593616,,,0.08264609254489935,,LearningParams_Fit_alpha_neg-exp_neg_Fix_alpha_pos-beta-exp_pos_
45,16,121.25154953265594,411477.0,0.5923356283372039,0.05,1.0,0.21334531856990455,0.5,0.1847235699595323,,,0.082645406436332,,LearningParams_Fit_alpha_neg-exp_neg_Fix_alpha_pos-beta-exp_pos_
46,18,121.25154953266168,411477.0,0.744030105632678,0.05,1.0,0.014685030718552984,0.5,0.1847231822375183,,,0.0826468791047636,,LearningParams_Fit_alpha_neg-exp_neg_Fix_alpha_pos-beta-exp_pos_
47,5,121.25154953268988,411477.0,0.38459996498696536,0.05,1.0,0.2255752742123618,0.5,0.1847228570047399,,,0.08264688069262509,,LearningParams_Fit_alpha_neg-exp_neg_Fix_alpha_pos-beta-exp_pos_
48,44,156.0777780563785,411477.0,0.7433835569886786,0.05,1.0,0.26973262584466273,0.5,1.0127120249761976,,,-0.3725705356485661,,LearningParams_Fit_alpha_neg-exp_neg_Fix_alpha_pos-beta-exp_pos_
49,1,157.87206972045783,411477.0,0.9959987828600926,0.05,1.0,0.5471519256216295,0.5,1.1845788570823548,,,-0.42225114892939947,,LearningParams_Fit_alpha_neg-exp_neg_Fix_alpha_pos-beta-exp_pos_
0,34,77.74708378796227,200166.0,0.97295169124998,0.05,1.0,0.20635243369528866,0.5,0.0039460715809472476,,,0.8926970319205676,,LearningParams_Fit_alpha_neg-exp_neg_Fix_alpha_pos-beta-exp_pos_
1,37,77.74708378796251,200166.0,0.300999479892779,0.05,1.0,0.014308551587349227,0.5,0.003946067293162282,,,0.8926972583960597,,LearningParams_Fit_alpha_neg-exp_neg_Fix_alpha_pos-beta-exp_pos_
2,1,77.74708378796257,200166.0,0.2393327803599422,0.05,1.0,0.27569367749097085,0.5,0.003946072062320165,,,0.8926970251115061,,LearningParams_Fit_alpha_neg-exp_neg_Fix_alpha_pos-beta-exp_pos_
3,35,77.74708378796302,200166.0,0.8120023857859977,0.05,1.0,0.17201584849014318,0.5,0.003946065263170058,,,0.892697352284742,,LearningParams_Fit_alpha_neg-exp_neg_Fix_alpha_pos-beta-exp_pos_
4,36,77.747083787964,200166.0,0.2718348424810335,0.05,1.0,0.012559161301785582,0.5,0.003946074328464359,,,0.8926969284512254,,LearningParams_Fit_alpha_neg-exp_neg_Fix_alpha_pos-beta-exp_pos_
5,20,77.74708378796406,200166.0,0.2056597827244964,0.05,1.0,0.2737295495744082,0.5,0.003946074208039026,,,0.8926969393808033,,LearningParams_Fit_alpha_neg-exp_neg_Fix_alpha_pos-beta-exp_pos_
6,47,77.7470837879641,200166.0,0.7559057854849329,0.05,1.0,0.0563118618828018,0.5,0.003946064778120673,,,0.8926973860192392,,LearningParams_Fit_alpha_neg-exp_neg_Fix_alpha_pos-beta-exp_pos_
7,38,77.74708378796448,200166.0,0.4163922051387485,0.05,1.0,0.2488362664366893,0.5,0.003946068447846011,,,0.8926971172116505,,LearningParams_Fit_alpha_neg-exp_neg_Fix_alpha_pos-beta-exp_pos_
8,10,77.7470837879645,200166.0,0.15578551117199058,0.05,1.0,0.2916018591647138,0.5,0.003946073636403029,,,0.8926969781938556,,LearningParams_Fit_alpha_neg-exp_neg_Fix_alpha_pos-beta-exp_pos_
9,23,77.74708378796463,200166.0,0.662790429545468,0.05,1.0,0.12861126360770006,0.5,0.0039460705052176215,,,0.8926970275036672,,LearningParams_Fit_alpha_neg-exp_neg_Fix_alpha_pos-beta-exp_pos_
10,19,77.74708378796572,200166.0,0.02676521009497923,0.05,1.0,0.5692090613597506,0.5,0.003946065638710706,,,0.8926973646700778,,LearningParams_Fit_alpha_neg-exp_neg_Fix_alpha_pos-beta-exp_pos_
11,30,77.74708378796596,200166.0,0.08752897577145602,0.05,1.0,0.6437890732535148,0.5,0.003946060481431372,,,0.8926975747023698,,LearningParams_Fit_alpha_neg-exp_neg_Fix_alpha_pos-beta-exp_pos_
12,29,77.74708378796696,200166.0,0.3931648312316628,0.05,1.0,0.14143203733486798,0.5,0.00394606229696688,,,0.8926975141710838,,LearningParams_Fit_alpha_neg-exp_neg_Fix_alpha_pos-beta-exp_pos_
13,45,77.7470837879678,200166.0,0.6296960076815821,0.05,1.0,0.13443899712831242,0.5,0.003946060883206906,,,0.8926975775801689,,LearningParams_Fit_alpha_neg-exp_neg_Fix_alpha_pos-beta-exp_pos_
14,13,77.74708378796787,200166.0,0.005949497464715736,0.05,1.0,0.2291072533816283,0.5,0.003946061010346197,,,0.8926974378575074,,LearningParams_Fit_alpha_neg-exp_neg_Fix_alpha_pos-beta-exp_pos_
15,39,77.74708378796791,200166.0,0.6720649208886567,0.05,1.0,0.2672337514659177,0.5,0.003946071603310364,,,0.8926971116239365,,LearningParams_Fit_alpha_neg-exp_neg_Fix_alpha_pos-beta-exp_pos_
16,24,77.74708378796878,200166.0,0.09631581782957066,0.05,1.0,0.5228719512686205,0.5,0.003946057856336033,,,0.8926976985164148,,LearningParams_Fit_alpha_neg-exp_neg_Fix_alpha_pos-beta-exp_pos_
17,14,77.74708378796912,200166.0,0.06949791852764031,0.05,1.0,0.6615668612570291,0.5,0.0039460655858301,,,0.8926972109171987,,LearningParams_Fit_alpha_neg-exp_neg_Fix_alpha_pos-beta-exp_pos_
18,22,77.74708378796981,200166.0,0.3291612452384937,0.05,1.0,0.14321083274072474,0.5,0.003946078644701511,,,0.8926967694508248,,LearningParams_Fit_alpha_neg-exp_neg_Fix_alpha_pos-beta-exp_pos_
19,7,77.74708378797162,200166.0,0.6954173398050926,0.05,1.0,0.1247105069340324,0.5,0.003946059979638922,,,0.8926974625505788,,LearningParams_Fit_alpha_neg-exp_neg_Fix_alpha_pos-beta-exp_pos_
20,41,77.74708378797271,200166.0,0.7165387100391304,0.05,1.0,0.020435925326142024,0.5,0.0039460756377656435,,,0.8926967589676204,,LearningParams_Fit_alpha_neg-exp_neg_Fix_alpha_pos-beta-exp_pos_
21,12,77.7470837879736,200166.0,0.16921958756761946,0.05,1.0,0.30041131362056794,0.5,0.003946063598210039,,,0.8926972781699762,,LearningParams_Fit_alpha_neg-exp_neg_Fix_alpha_pos-beta-exp_pos_
22,11,77.74708378797796,200166.0,0.7360074914390786,0.05,1.0,0.018899054160955497,0.5,0.003946070682707878,,,0.8926969416945703,,LearningParams_Fit_alpha_neg-exp_neg_Fix_alpha_pos-beta-exp_pos_
23,42,108.18906078033358,200166.0,0.3748710446954988,0.05,1.0,0.983730116392321,0.5,2.03130501706841,,,-25.433170137114463,,LearningParams_Fit_alpha_neg-exp_neg_Fix_alpha_pos-beta-exp_pos_
24,43,108.18906078033358,200166.0,0.3880295230875398,0.05,1.0,0.894994295232944,0.5,2.377770267269535,,,-28.75527520761073,,LearningParams_Fit_alpha_neg-exp_neg_Fix_alpha_pos-beta-exp_pos_
25,44,108.18906078033358,200166.0,0.3553948318890334,0.05,1.0,0.5249053671796422,0.5,3.535393342132699,,,-28.923541608697548,,LearningParams_Fit_alpha_neg-exp_neg_Fix_alpha_pos-beta-exp_pos_
26,46,108.18906078033358,200166.0,0.15447333359529836,0.05,1.0,0.3889460984804096,0.5,1.5366683646665438,,,-21.43186061019768,,LearningParams_Fit_alpha_neg-exp_neg_Fix_alpha_pos-beta-exp_pos_
27,33,108.18906078033358,200166.0,0.13631910029584404,0.05,1.0,0.7085482824281912,0.5,1.0733614861417102,,,-31.15505480262184,,LearningParams_Fit_alpha_neg-exp_neg_Fix_alpha_pos-beta-exp_pos_
28,32,108.18906078033358,200166.0,0.4061589565616444,0.05,1.0,0.30203522526976695,0.5,5.3090657484964865,,,-28.91979908051157,,LearningParams_Fit_alpha_neg-exp_neg_Fix_alpha_pos-beta-exp_pos_
29,31,108.18906078033358,200166.0,0.3828039363771153,0.05,1.0,0.8194082004867672,0.5,2.345748877221085,,,-26.3267692742527,,LearningParams_Fit_alpha_neg-exp_neg_Fix_alpha_pos-beta-exp_pos_
30,40,108.18906078033358,200166.0,0.7137418178746158,0.05,1.0,0.7154542459795918,0.5,5.619923962913047,,,-31.458711840885034,,LearningParams_Fit_alpha_neg-exp_neg_Fix_alpha_pos-beta-exp_pos_
31,0,108.18906078033358,200166.0,0.9498764630933008,0.05,1.0,0.9767001901201172,0.5,6.324424054245134,,,-27.07996657985966,,LearningParams_Fit_alpha_neg-exp_neg_Fix_alpha_pos-beta-exp_pos_
32,27,108.18906078033358,200166.0,0.2724976762001352,0.05,1.0,0.3606447369836733,0.5,3.610402942362008,,,-27.15393366833548,,LearningParams_Fit_alpha_neg-exp_neg_Fix_alpha_pos-beta-exp_pos_
33,2,108.18906078033358,200166.0,0.19012496747993848,0.05,1.0,0.5027965588511697,0.5,1.8913233505084768,,,-27.70529337274756,,LearningParams_Fit_alpha_neg-exp_neg_Fix_alpha_pos-beta-exp_pos_
34,3,108.18906078033358,200166.0,0.3768411675664319,0.05,1.0,0.8868090066261747,0.5,2.3092101770834343,,,-28.492290037990077,,LearningParams_Fit_alpha_neg-exp_neg_Fix_alpha_pos-beta-exp_pos_
35,4,108.18906078033358,200166.0,0.3196650887561493,0.05,1.0,0.7006911009276062,0.5,2.517007477237437,,,-30.809572460323192,,LearningParams_Fit_alpha_neg-exp_neg_Fix_alpha_pos-beta-exp_pos_
36,5,108.18906078033358,200166.0,0.5202567241539855,0.05,1.0,0.5765625348099637,0.5,4.096443780814408,,,-25.351606678918678,,LearningParams_Fit_alpha_neg-exp_neg_Fix_alpha_pos-beta-exp_pos_
37,6,108.18906078033358,200166.0,0.3994572243374348,0.05,1.0,0.9547877826906732,0.5,2.1645295772575115,,,-24.68490058133572,,LearningParams_Fit_alpha_neg-exp_neg_Fix_alpha_pos-beta-exp_pos_
38,8,108.18906078033358,200166.0,0.9560460204141455,0.05,1.0,0.8816002018125721,0.5,5.858466086275443,,,-28.324936327787,,LearningParams_Fit_alpha_neg-exp_neg_Fix_alpha_pos-beta-exp_pos_
39,9,108.18906078033358,200166.0,0.536718056896123,0.05,1.0,0.6484166007783656,0.5,4.2260584902545055,,,-28.511048905445598,,LearningParams_Fit_alpha_neg-exp_neg_Fix_alpha_pos-beta-exp_pos_
40,15,108.18906078033358,200166.0,0.2632331021186186,0.05,1.0,0.3773930951172613,0.5,3.4876538386262594,,,-28.414963593842288,,LearningParams_Fit_alpha_neg-exp_neg_Fix_alpha_pos-beta-exp_pos_
41,16,108.18906078033358,200166.0,0.3099748710139609,0.05,1.0,0.9318134586963616,0.5,1.8994663757361023,,,-29.938238254351877,,LearningParams_Fit_alpha_neg-exp_neg_Fix_alpha_pos-beta-exp_pos_
42,17,108.18906078033358,200166.0,0.4515777212419512,0.05,1.0,0.3840143129297717,0.5,5.9830878421129325,,,-28.91349328482912,,LearningParams_Fit_alpha_neg-exp_neg_Fix_alpha_pos-beta-exp_pos_
43,18,108.18906078033358,200166.0,0.9515278949884668,0.05,1.0,0.9773274945426292,0.5,6.3354195426138356,,,-27.097359207575693,,LearningParams_Fit_alpha_neg-exp_neg_Fix_alpha_pos-beta-exp_pos_
44,21,108.18906078033358,200166.0,0.2924949641473371,0.05,1.0,0.34831117035922604,0.5,3.8753529714801047,,,-26.225305531917137,,LearningParams_Fit_alpha_neg-exp_neg_Fix_alpha_pos-beta-exp_pos_
45,25,108.18906078033358,200166.0,0.21136816560838825,0.05,1.0,0.6376384142933211,0.5,1.6642895079859716,,,-28.037129203793636,,LearningParams_Fit_alpha_neg-exp_neg_Fix_alpha_pos-beta-exp_pos_
46,26,108.18906078033358,200166.0,0.99422608791942,0.05,1.0,0.7689038081712347,0.5,8.424949532616054,,,-27.225652399838204,,LearningParams_Fit_alpha_neg-exp_neg_Fix_alpha_pos-beta-exp_pos_
47,28,108.18906078033358,200166.0,0.4817976644978066,0.05,1.0,0.9669209566278396,0.5,2.6107058065826587,,,-24.99858933794184,,LearningParams_Fit_alpha_neg-exp_neg_Fix_alpha_pos-beta-exp_pos_
48,49,108.18906078033358,200166.0,0.17335737799249384,0.05,1.0,0.9555334464796166,0.5,0.9393675949232332,,,-24.704178830210424,,LearningParams_Fit_alpha_neg-exp_neg_Fix_alpha_pos-beta-exp_pos_
49,48,256.84622233415257,200166.0,0.7038197722221704,0.05,1.0,0.3761009902180703,0.5,0.8553696826958712,,,-0.299704235111286,,LearningParams_Fit_alpha_neg-exp_neg_Fix_alpha_pos-beta-exp_pos_
0,18,103.36652326962064,100105.0,0.6722255884645433,0.05,1.0,0.9982560318987678,0.5,0.2683285019664127,,,-0.04405877139708322,,LearningParams_Fit_alpha_neg-exp_neg_Fix_alpha_pos-beta-exp_pos_
1,49,103.36652326962358,100105.0,0.26095022005212576,0.05,1.0,0.8052727526298296,0.5,0.2683287820703816,,,-0.04405908879635165,,LearningParams_Fit_alpha_neg-exp_neg_Fix_alpha_pos-beta-exp_pos_
2,29,103.36652326962385,100105.0,0.3882542700956877,0.05,1.0,0.9202298768206,0.5,0.2683286918218695,,,-0.044059088861887884,,LearningParams_Fit_alpha_neg-exp_neg_Fix_alpha_pos-beta-exp_pos_
3,25,103.36652326962471,100105.0,0.9682767467551648,0.05,1.0,0.9286112055819044,0.5,0.26832856438559,,,-0.04405898373058205,,LearningParams_Fit_alpha_neg-exp_neg_Fix_alpha_pos-beta-exp_pos_
4,3,103.36652326962496,100105.0,0.547544171535955,0.05,1.0,0.14639999972225634,0.5,0.26832842660951794,,,-0.044058784112664215,,LearningParams_Fit_alpha_neg-exp_neg_Fix_alpha_pos-beta-exp_pos_
5,27,103.36652326962498,100105.0,0.9989719156193348,0.05,1.0,0.9403272566099226,0.5,0.26832881120743457,,,-0.04405907756284234,,LearningParams_Fit_alpha_neg-exp_neg_Fix_alpha_pos-beta-exp_pos_
6,9,103.36652326962549,100105.0,0.5143159166641039,0.05,1.0,0.7848286364040491,0.5,0.2683284679557415,,,-0.04405860150576707,,LearningParams_Fit_alpha_neg-exp_neg_Fix_alpha_pos-beta-exp_pos_
7,1,103.36652326962569,100105.0,0.04086358432138471,0.05,1.0,0.3445980690196172,0.5,0.268328744100512,,,-0.04405890646906553,,LearningParams_Fit_alpha_neg-exp_neg_Fix_alpha_pos-beta-exp_pos_
8,26,103.36652326962569,100105.0,0.2553483905448414,0.05,1.0,0.5005171267938153,0.5,0.2683284170429115,,,-0.044058570240873625,,LearningParams_Fit_alpha_neg-exp_neg_Fix_alpha_pos-beta-exp_pos_
9,35,103.36652326962722,100105.0,0.4279484837707944,0.05,1.0,0.9067928191457872,0.5,0.26832852618610725,,,-0.04405862126905771,,LearningParams_Fit_alpha_neg-exp_neg_Fix_alpha_pos-beta-exp_pos_
10,43,103.3665232696274,100105.0,0.662919664361132,0.05,1.0,0.9044007105431201,0.5,0.26832833635723513,,,-0.04405854509736362,,LearningParams_Fit_alpha_neg-exp_neg_Fix_alpha_pos-beta-exp_pos_
11,28,103.36652326962758,100105.0,0.5807945847374825,0.05,1.0,0.19535803550104847,0.5,0.26832834011754336,,,-0.04405865600958818,,LearningParams_Fit_alpha_neg-exp_neg_Fix_alpha_pos-beta-exp_pos_
12,11,103.36652326962759,100105.0,0.8225749640547904,0.05,1.0,0.09359566287700627,0.5,0.26832870115471946,,,-0.0440588157614546,,LearningParams_Fit_alpha_neg-exp_neg_Fix_alpha_pos-beta-exp_pos_
13,46,103.36652326962765,100105.0,0.8354772628678151,0.05,1.0,0.5844366239079788,0.5,0.26832859435872475,,,-0.04405868384483885,,LearningParams_Fit_alpha_neg-exp_neg_Fix_alpha_pos-beta-exp_pos_
14,21,103.36652326962782,100105.0,0.6166798523981374,0.05,1.0,0.08155773420683865,0.5,0.2683284832729184,,,-0.04405857724750284,,LearningParams_Fit_alpha_neg-exp_neg_Fix_alpha_pos-beta-exp_pos_
15,30,103.36652326962788,100105.0,0.6918983606383317,0.05,1.0,0.960172576619184,0.5,0.26832862331337604,,,-0.04405871287050658,,LearningParams_Fit_alpha_neg-exp_neg_Fix_alpha_pos-beta-exp_pos_
16,40,103.36652326962822,100105.0,0.9655019843892414,0.05,1.0,0.8771858949955667,0.5,0.2683283217100414,,,-0.0440585250997242,,LearningParams_Fit_alpha_neg-exp_neg_Fix_alpha_pos-beta-exp_pos_
17,32,103.366523269629,100105.0,0.16687714623543615,0.05,1.0,0.3257275488768635,0.5,0.2683288822618065,,,-0.04405921976529471,,LearningParams_Fit_alpha_neg-exp_neg_Fix_alpha_pos-beta-exp_pos_
18,44,103.36652326962911,100105.0,0.8057899552264723,0.05,1.0,0.008449204763480656,0.5,0.2683284585253771,,,-0.0440589010289801,,LearningParams_Fit_alpha_neg-exp_neg_Fix_alpha_pos-beta-exp_pos_
19,7,103.3665232696292,100105.0,0.8747920821465676,0.05,1.0,0.5455510863074717,0.5,0.2683288738321875,,,-0.04405910573200005,,LearningParams_Fit_alpha_neg-exp_neg_Fix_alpha_pos-beta-exp_pos_
20,36,103.36652326962977,100105.0,0.38027729753457984,0.05,1.0,0.4834871132515588,0.5,0.2683285194748655,,,-0.044058989561768944,,LearningParams_Fit_alpha_neg-exp_neg_Fix_alpha_pos-beta-exp_pos_
21,0,103.36652326962984,100105.0,0.5218797033827776,0.05,1.0,0.4313567704319119,0.5,0.2683288866797152,,,-0.044059122073145635,,LearningParams_Fit_alpha_neg-exp_neg_Fix_alpha_pos-beta-exp_pos_
22,20,103.36652326962992,100105.0,0.048575122441501965,0.05,1.0,0.6698124143161891,0.5,0.2683288491197435,,,-0.044059028038221315,,LearningParams_Fit_alpha_neg-exp_neg_Fix_alpha_pos-beta-exp_pos_
23,47,103.36652326963,100105.0,0.22504330514288465,0.05,1.0,0.2988679957453292,0.5,0.2683284489179841,,,-0.0440585254581357,,LearningParams_Fit_alpha_neg-exp_neg_Fix_alpha_pos-beta-exp_pos_
24,8,103.36652326963,100105.0,0.12245004483646114,0.05,1.0,0.8995466039654301,0.5,0.26832885649145444,,,-0.04405926298669356,,LearningParams_Fit_alpha_neg-exp_neg_Fix_alpha_pos-beta-exp_pos_
25,22,103.3665232696301,100105.0,0.7194015415474353,0.05,1.0,0.5732887472866802,0.5,0.26832865301384057,,,-0.04405872378883394,,LearningParams_Fit_alpha_neg-exp_neg_Fix_alpha_pos-beta-exp_pos_
26,34,103.36652326963035,100105.0,0.15708321772689782,0.05,1.0,0.5636525627345872,0.5,0.2683287700584737,,,-0.044059236717788934,,LearningParams_Fit_alpha_neg-exp_neg_Fix_alpha_pos-beta-exp_pos_
27,42,103.36652326963045,100105.0,0.9007989169714988,0.05,1.0,0.7794701418675498,0.5,0.2683288480396269,,,-0.04405927070569377,,LearningParams_Fit_alpha_neg-exp_neg_Fix_alpha_pos-beta-exp_pos_
28,48,103.36652326963123,100105.0,0.09646913809725066,0.05,1.0,0.713248340739633,0.5,0.268328521473713,,,-0.044059006348730965,,LearningParams_Fit_alpha_neg-exp_neg_Fix_alpha_pos-beta-exp_pos_
29,24,103.36652326963149,100105.0,0.8228565565603939,0.05,1.0,0.8779642281624269,0.5,0.26832883251901435,,,-0.04405896962417045,,LearningParams_Fit_alpha_neg-exp_neg_Fix_alpha_pos-beta-exp_pos_
30,16,103.36652326963156,100105.0,0.7563983657093962,0.05,1.0,0.2725863648067909,0.5,0.2683285116403329,,,-0.04405899875581332,,LearningParams_Fit_alpha_neg-exp_neg_Fix_alpha_pos-beta-exp_pos_
31,5,103.36652326963205,100105.0,0.8285546981268311,0.05,1.0,0.9629221858386916,0.5,0.2683289315766828,,,-0.044059239360333936,,LearningParams_Fit_alpha_neg-exp_neg_Fix_alpha_pos-beta-exp_pos_
32,13,103.36652326963221,100105.0,0.36547984010245416,0.05,1.0,0.482553753802754,0.5,0.268328828267538,,,-0.044058953375786025,,LearningParams_Fit_alpha_neg-exp_neg_Fix_alpha_pos-beta-exp_pos_
33,41,103.36652326963318,100105.0,0.7578108934843232,0.05,1.0,0.726820624178417,0.5,0.2683285134574823,,,-0.044059015869938864,,LearningParams_Fit_alpha_neg-exp_neg_Fix_alpha_pos-beta-exp_pos_
34,31,103.36652326963444,100105.0,0.5433762367070362,0.05,1.0,0.0665008382879686,0.5,0.26832829884738163,,,-0.044058700716354635,,LearningParams_Fit_alpha_neg-exp_neg_Fix_alpha_pos-beta-exp_pos_
35,39,103.36652326963541,100105.0,0.2746671063785111,0.05,1.0,0.4418467096132175,0.5,0.2683289745012293,,,-0.044059294459464216,,LearningParams_Fit_alpha_neg-exp_neg_Fix_alpha_pos-beta-exp_pos_
36,10,103.36652326963542,100105.0,0.26649456910445457,0.05,1.0,0.37811992076296985,0.5,0.2683287393396735,,,-0.04405878371123205,,LearningParams_Fit_alpha_neg-exp_neg_Fix_alpha_pos-beta-exp_pos_
37,38,103.36652326963552,100105.0,0.2575437363213914,0.05,1.0,0.3294806551457503,0.5,0.2683282123847973,,,-0.04405844566832093,,LearningParams_Fit_alpha_neg-exp_neg_Fix_alpha_pos-beta-exp_pos_
38,45,103.36652326963552,100105.0,0.2727111098370475,0.05,1.0,0.8425466017084816,0.5,0.26832857585973713,,,-0.044058587052653635,,LearningParams_Fit_alpha_neg-exp_neg_Fix_alpha_pos-beta-exp_pos_
39,6,103.36652326963663,100105.0,0.7543980107207502,0.05,1.0,0.9615451667896949,0.5,0.2683283768589572,,,-0.04405885936653374,,LearningParams_Fit_alpha_neg-exp_neg_Fix_alpha_pos-beta-exp_pos_
40,12,103.3665232696372,100105.0,0.3887589922880084,0.05,1.0,0.5684206676651796,0.5,0.2683288267812339,,,-0.04405889594905063,,LearningParams_Fit_alpha_neg-exp_neg_Fix_alpha_pos-beta-exp_pos_
41,23,103.3665232696378,100105.0,0.8893565062733466,0.05,1.0,0.8654721262808226,0.5,0.2683282451203525,,,-0.04405834568457544,,LearningParams_Fit_alpha_neg-exp_neg_Fix_alpha_pos-beta-exp_pos_
42,4,103.36652326963899,100105.0,0.4109871389854506,0.05,1.0,0.607860919476478,0.5,0.2683283646388462,,,-0.044058377525868726,,LearningParams_Fit_alpha_neg-exp_neg_Fix_alpha_pos-beta-exp_pos_
43,19,103.36652326963907,100105.0,0.7084431580095424,0.05,1.0,0.32071501751797704,0.5,0.2683284780218587,,,-0.044059020542562416,,LearningParams_Fit_alpha_neg-exp_neg_Fix_alpha_pos-beta-exp_pos_
44,14,103.3665232696427,100105.0,0.7223542668128855,0.05,1.0,0.4957697496175545,0.5,0.26832905558725284,,,-0.04405936554597956,,LearningParams_Fit_alpha_neg-exp_neg_Fix_alpha_pos-beta-exp_pos_
45,33,103.36652326964341,100105.0,0.3191633147138979,0.05,1.0,0.6142104105883616,0.5,0.26832905960949344,,,-0.04405933486078748,,LearningParams_Fit_alpha_neg-exp_neg_Fix_alpha_pos-beta-exp_pos_
46,37,103.3665232696457,100105.0,0.602828290316555,0.05,1.0,0.41946904263185547,0.5,0.2683283637458923,,,-0.04405832351393586,,LearningParams_Fit_alpha_neg-exp_neg_Fix_alpha_pos-beta-exp_pos_
47,15,103.36652326966384,100105.0,0.7911819216667599,0.05,1.0,0.1372072994463558,0.5,0.2683284819150292,,,-0.044058317301359104,,LearningParams_Fit_alpha_neg-exp_neg_Fix_alpha_pos-beta-exp_pos_
48,17,103.36652326966387,100105.0,0.5372407259128228,0.05,1.0,0.5266456915680052,0.5,0.2683280552596267,,,-0.04405852042068775,,LearningParams_Fit_alpha_neg-exp_neg_Fix_alpha_pos-beta-exp_pos_
49,2,103.36652326972778,100105.0,0.6946723842414068,0.05,1.0,0.9904814787416366,0.5,0.2683285250667342,,,-0.044058110814223325,,LearningParams_Fit_alpha_neg-exp_neg_Fix_alpha_pos-beta-exp_pos_
0,35,26.70620438123509,407672.0,0.025850154912407497,0.05,1.0,0.9983711330813476,0.5,3.3764306434657824e-07,,,3.481457496129213,,LearningParams_Fit_alpha_neg-exp_neg_Fix_alpha_pos-beta-exp_pos_
1,47,26.709066236737215,407672.0,0.00667621977618793,0.05,1.0,0.6828140217401317,0.5,4.4425863133920355e-07,,,3.4230084236203133,,LearningParams_Fit_alpha_neg-exp_neg_Fix_alpha_pos-beta-exp_pos_
2,17,26.709196826743284,407672.0,0.048135825307732416,0.05,1.0,0.7146368527369431,0.5,4.470393248139885e-07,,,3.4222120701913954,,LearningParams_Fit_alpha_neg-exp_neg_Fix_alpha_pos-beta-exp_pos_
3,12,26.709985383192745,407672.0,0.06933262881699054,0.05,1.0,0.6471857763496587,0.5,4.4688599700159294e-07,,,3.4201104976235914,,LearningParams_Fit_alpha_neg-exp_neg_Fix_alpha_pos-beta-exp_pos_
4,46,26.710358053673488,407672.0,0.8118031300054811,0.05,1.0,0.4444809281075343,0.5,4.87423553627341e-07,,,3.4025282949197635,,LearningParams_Fit_alpha_neg-exp_neg_Fix_alpha_pos-beta-exp_pos_
5,27,26.710550604975015,407672.0,0.09320660371060384,0.05,1.0,0.19976584410978826,0.5,4.940761411668398e-07,,,3.400532362145962,,LearningParams_Fit_alpha_neg-exp_neg_Fix_alpha_pos-beta-exp_pos_
6,1,26.710599069690147,407672.0,0.8708031706156926,0.05,1.0,0.4792351434703144,0.5,4.770771147362995e-07,,,3.406195663460685,,LearningParams_Fit_alpha_neg-exp_neg_Fix_alpha_pos-beta-exp_pos_
7,43,26.711289379476327,407672.0,0.41042303457252427,0.05,1.0,0.4156167706852573,0.5,5.154573592460518e-07,,,3.3917195127058197,,LearningParams_Fit_alpha_neg-exp_neg_Fix_alpha_pos-beta-exp_pos_
8,7,26.711739064700893,407672.0,0.44788198521396017,0.05,1.0,0.269826918344664,0.5,5.260052863299975e-07,,,3.385283703315213,,LearningParams_Fit_alpha_neg-exp_neg_Fix_alpha_pos-beta-exp_pos_
9,13,26.711902243758363,407672.0,0.09565827214157384,0.05,1.0,0.6079323499876229,0.5,5.459256243603211e-07,,,3.378507042490688,,LearningParams_Fit_alpha_neg-exp_neg_Fix_alpha_pos-beta-exp_pos_
10,11,26.712230821304196,407672.0,0.43256431204281853,0.05,1.0,0.19783573364619025,0.5,5.430577743060978e-07,,,3.3783042910176917,,LearningParams_Fit_alpha_neg-exp_neg_Fix_alpha_pos-beta-exp_pos_
11,40,26.712364752059496,407672.0,0.8884220030079149,0.05,1.0,0.3827928790444332,0.5,5.299202574143176e-07,,,3.383043649270844,,LearningParams_Fit_alpha_neg-exp_neg_Fix_alpha_pos-beta-exp_pos_
12,15,26.713798346989737,407672.0,0.5282970508680956,0.05,1.0,0.4934454787352248,0.5,6.13121623227663e-07,,,3.3524069172810336,,LearningParams_Fit_alpha_neg-exp_neg_Fix_alpha_pos-beta-exp_pos_
13,38,26.71380574858098,407672.0,0.8534917580031729,0.05,1.0,0.4559168990156246,0.5,5.755380392857385e-07,,,3.3648889892526714,,LearningParams_Fit_alpha_neg-exp_neg_Fix_alpha_pos-beta-exp_pos_
14,31,26.71529312696572,407672.0,0.1099304694579285,0.05,1.0,0.4835316298260976,0.5,6.70998578031302e-07,,,3.3326802559738202,,LearningParams_Fit_alpha_neg-exp_neg_Fix_alpha_pos-beta-exp_pos_
15,9,26.71572095941162,407672.0,0.5722815579175861,0.05,1.0,0.45477834882571005,0.5,6.748227469043398e-07,,,3.330923367897352,,LearningParams_Fit_alpha_neg-exp_neg_Fix_alpha_pos-beta-exp_pos_
16,20,26.716459091360356,407672.0,0.8019668197883482,0.05,1.0,0.32648352076986786,0.5,6.775415984361273e-07,,,3.3293634138137116,,LearningParams_Fit_alpha_neg-exp_neg_Fix_alpha_pos-beta-exp_pos_
17,8,26.716465688645645,407672.0,0.4848472233349516,0.05,1.0,0.5517381627855708,0.5,7.094700108799081e-07,,,3.32274903442557,,LearningParams_Fit_alpha_neg-exp_neg_Fix_alpha_pos-beta-exp_pos_
18,25,26.717542205585637,407672.0,0.349861620559889,0.05,1.0,0.09151285972859148,0.5,7.475282280633279e-07,,,3.3085745015237915,,LearningParams_Fit_alpha_neg-exp_neg_Fix_alpha_pos-beta-exp_pos_
19,29,26.71773357447258,407672.0,0.6952646733074943,0.05,1.0,0.4619950196479319,0.5,7.595503675520414e-07,,,3.3052124154465883,,LearningParams_Fit_alpha_neg-exp_neg_Fix_alpha_pos-beta-exp_pos_
20,22,26.71836190834681,407672.0,0.431358163292962,0.05,1.0,0.4441045346819255,0.5,8.018329112985708e-07,,,3.2939471833198137,,LearningParams_Fit_alpha_neg-exp_neg_Fix_alpha_pos-beta-exp_pos_
21,24,26.718373592040944,407672.0,0.7564154460757425,0.05,1.0,0.2301655660842565,0.5,8.065088815071925e-07,,,3.292885500510671,,LearningParams_Fit_alpha_neg-exp_neg_Fix_alpha_pos-beta-exp_pos_
22,39,26.722660246394987,407672.0,0.6505996118134274,0.05,1.0,0.10871550619434456,0.5,1.0157681327902344e-06,,,3.2435326122220527,,LearningParams_Fit_alpha_neg-exp_neg_Fix_alpha_pos-beta-exp_pos_
23,33,26.724788562793908,407672.0,0.6176470208701659,0.05,1.0,0.3721950059388013,0.5,1.122096311755033e-06,,,3.221524384715853,,LearningParams_Fit_alpha_neg-exp_neg_Fix_alpha_pos-beta-exp_pos_
24,23,26.72755702097957,407672.0,0.4448127177575744,0.05,1.0,0.1522197257386123,0.5,1.2701695243400629e-06,,,3.1946276389370936,,LearningParams_Fit_alpha_neg-exp_neg_Fix_alpha_pos-beta-exp_pos_
25,48,93.24419562185963,407672.0,0.7195490260506211,0.05,1.0,0.7671964456332669,0.5,4.409258002772884,,,-24.649257598612323,,LearningParams_Fit_alpha_neg-exp_neg_Fix_alpha_pos-beta-exp_pos_
26,19,93.24419562185963,407672.0,0.6039715664451447,0.05,1.0,0.9004401072598991,0.5,5.465175915550878,,,-29.864010666758485,,LearningParams_Fit_alpha_neg-exp_neg_Fix_alpha_pos-beta-exp_pos_
27,37,93.24419562185963,407672.0,0.39144716990669615,0.05,1.0,0.8697724184311107,0.5,2.121125681484922,,,-22.486929626241032,,LearningParams_Fit_alpha_neg-exp_neg_Fix_alpha_pos-beta-exp_pos_
28,18,93.24419562185963,407672.0,0.9722008394793082,0.05,1.0,0.7978086791474895,0.5,5.9574597095973205,,,-25.63279816876993,,LearningParams_Fit_alpha_neg-exp_neg_Fix_alpha_pos-beta-exp_pos_
29,14,93.24419562185963,407672.0,0.9048204289484209,0.05,1.0,0.7380350667143984,0.5,5.5445655166970464,,,-23.71233154141648,,LearningParams_Fit_alpha_neg-exp_neg_Fix_alpha_pos-beta-exp_pos_
30,10,93.24419562185963,407672.0,0.7041816337743212,0.05,1.0,0.6995371359764067,0.5,4.315089579325755,,,-22.475431374352862,,LearningParams_Fit_alpha_neg-exp_neg_Fix_alpha_pos-beta-exp_pos_
31,42,93.24419562185963,407672.0,0.9292825703613102,0.05,1.0,0.9083079151772484,0.5,5.035481865457101,,,-23.483218983180706,,LearningParams_Fit_alpha_neg-exp_neg_Fix_alpha_pos-beta-exp_pos_
32,6,93.24419562185963,407672.0,0.5505867764555811,0.05,1.0,0.7135178847993187,0.5,3.3738898426871287,,,-22.924618907896576,,LearningParams_Fit_alpha_neg-exp_neg_Fix_alpha_pos-beta-exp_pos_
33,44,93.24419562185963,407672.0,0.3125155562623013,0.05,1.0,0.6929384172627971,0.5,1.9150352061536795,,,-22.263421115027104,,LearningParams_Fit_alpha_neg-exp_neg_Fix_alpha_pos-beta-exp_pos_
34,45,93.24419562185963,407672.0,0.596651220830199,0.05,1.0,0.7370487964806599,0.5,3.656163895807448,,,-23.680643661223968,,LearningParams_Fit_alpha_neg-exp_neg_Fix_alpha_pos-beta-exp_pos_
35,5,93.24419562185963,407672.0,0.11142980329278862,0.05,1.0,0.6794742287389887,0.5,0.6828203973992454,,,-21.8308301493512,,LearningParams_Fit_alpha_neg-exp_neg_Fix_alpha_pos-beta-exp_pos_
36,3,93.24419562185963,407672.0,0.22261048593232,0.05,1.0,0.9138313665590292,0.5,1.2062542661668014,,,-23.626021237982265,,LearningParams_Fit_alpha_neg-exp_neg_Fix_alpha_pos-beta-exp_pos_
37,28,93.24419562185963,407672.0,0.16984724360185802,0.05,1.0,0.6277677126431197,0.5,0.3916604456221092,,,-21.96573939844047,,LearningParams_Fit_alpha_neg-exp_neg_Fix_alpha_pos-beta-exp_pos_
38,49,93.24419562185963,407672.0,0.965367121517784,0.05,1.0,0.6421539387766669,0.5,3.9973440262674966,,,-24.8170783880024,,LearningParams_Fit_alpha_neg-exp_neg_Fix_alpha_pos-beta-exp_pos_
39,21,269.96937788273146,407672.0,0.8647538895054286,0.05,1.0,0.6643670540406824,0.5,1.2645431407732417,,,-0.6688568102393989,,LearningParams_Fit_alpha_neg-exp_neg_Fix_alpha_pos-beta-exp_pos_
40,0,,407672.0,0.16578985742186647,0.05,1.0,0.05637158899826045,0.5,inf,,,inf,,LearningParams_Fit_alpha_neg-exp_neg_Fix_alpha_pos-beta-exp_pos_
41,2,,407672.0,0.34760813387607403,0.05,1.0,0.029410073509030576,0.5,inf,,,inf,,LearningParams_Fit_alpha_neg-exp_neg_Fix_alpha_pos-beta-exp_pos_
42,4,,407672.0,0.8911861064756561,0.05,1.0,0.013705451558357671,0.5,inf,,,inf,,LearningParams_Fit_alpha_neg-exp_neg_Fix_alpha_pos-beta-exp_pos_
43,16,,407672.0,0.7438360162963561,0.05,1.0,0.02848363268773924,0.5,inf,,,inf,,LearningParams_Fit_alpha_neg-exp_neg_Fix_alpha_pos-beta-exp_pos_
44,26,,407672.0,0.4571514381590748,0.05,1.0,0.05317773454489872,0.5,inf,,,inf,,LearningParams_Fit_alpha_neg-exp_neg_Fix_alpha_pos-beta-exp_pos_
45,30,,407672.0,0.7040071182484768,0.05,1.0,0.06652683251116775,0.5,inf,,,inf,,LearningParams_Fit_alpha_neg-exp_neg_Fix_alpha_pos-beta-exp_pos_
46,32,,407672.0,0.5940978669102951,0.05,1.0,0.06220026772907127,0.5,inf,,,inf,,LearningParams_Fit_alpha_neg-exp_neg_Fix_alpha_pos-beta-exp_pos_
47,34,,407672.0,0.9890339899218392,0.05,1.0,0.0013347679848318972,0.5,inf,,,inf,,LearningParams_Fit_alpha_neg-exp_neg_Fix_alpha_pos-beta-exp_pos_
48,36,,407672.0,0.7405460261745694,0.05,1.0,0.3588136580151129,0.5,inf,,,inf,,LearningParams_Fit_alpha_neg-exp_neg_Fix_alpha_pos-beta-exp_pos_
49,41,,407672.0,0.4520740361643834,0.05,1.0,0.1923633454913105,0.5,inf,,,inf,,LearningParams_Fit_alpha_neg-exp_neg_Fix_alpha_pos-beta-exp_pos_
0,8,107.74879405616596,200156.0,0.8055724773083096,0.05,1.0,0.02923404410526165,0.5,0.0045795500379571,,,0.8389313066406628,,LearningParams_Fit_alpha_neg-exp_neg_Fix_alpha_pos-beta-exp_pos_
1,30,107.748794056166,200156.0,0.9436879464346876,0.05,1.0,0.6451353131100006,0.5,0.0045795471877440215,,,0.8389314766540763,,LearningParams_Fit_alpha_neg-exp_neg_Fix_alpha_pos-beta-exp_pos_
2,35,107.74879405616608,200156.0,0.4184567507681632,0.05,1.0,0.4803136545898306,0.5,0.004579552612451958,,,0.8389312399282076,,LearningParams_Fit_alpha_neg-exp_neg_Fix_alpha_pos-beta-exp_pos_
3,11,107.74879405616629,200156.0,0.4060351131376677,0.05,1.0,0.2402485668175831,0.5,0.004579548013916877,,,0.8389313814718241,,LearningParams_Fit_alpha_neg-exp_neg_Fix_alpha_pos-beta-exp_pos_
4,44,107.74879405616629,200156.0,0.7733686636663198,0.05,1.0,0.08352945624440478,0.5,0.004579550802434396,,,0.8389312699825798,,LearningParams_Fit_alpha_neg-exp_neg_Fix_alpha_pos-beta-exp_pos_
5,24,107.7487940561663,200156.0,0.1768579172061273,0.05,1.0,0.807500141626788,0.5,0.004579552606576606,,,0.8389312031816875,,LearningParams_Fit_alpha_neg-exp_neg_Fix_alpha_pos-beta-exp_pos_
6,32,107.7487940561663,200156.0,0.045348928963738884,0.05,1.0,0.8804209862729219,0.5,0.004579541956800038,,,0.8389316567546502,,LearningParams_Fit_alpha_neg-exp_neg_Fix_alpha_pos-beta-exp_pos_
7,48,107.74879405616645,200156.0,0.14274604713176453,0.05,1.0,0.2523358750570359,0.5,0.004579542742318752,,,0.8389316086677904,,LearningParams_Fit_alpha_neg-exp_neg_Fix_alpha_pos-beta-exp_pos_
8,1,107.74879405616647,200156.0,0.7699413244361761,0.05,1.0,0.3913272654966212,0.5,0.00457954174866045,,,0.8389316793738968,,LearningParams_Fit_alpha_neg-exp_neg_Fix_alpha_pos-beta-exp_pos_
9,38,107.74879405616659,200156.0,0.292828915314467,0.05,1.0,0.5436307339012976,0.5,0.0045795547521086406,,,0.8389311258517438,,LearningParams_Fit_alpha_neg-exp_neg_Fix_alpha_pos-beta-exp_pos_
10,26,107.7487940561668,200156.0,0.42515401460195207,0.05,1.0,0.19117843292390255,0.5,0.0045795412177487465,,,0.838931677725262,,LearningParams_Fit_alpha_neg-exp_neg_Fix_alpha_pos-beta-exp_pos_
11,19,107.7487940561668,200156.0,0.7610293923892241,0.05,1.0,0.5341965997482849,0.5,0.004579540461492429,,,0.8389317285019797,,LearningParams_Fit_alpha_neg-exp_neg_Fix_alpha_pos-beta-exp_pos_
12,18,107.74879405616686,200156.0,0.8644489381420709,0.05,1.0,0.0368676972696893,0.5,0.004579543359204773,,,0.8389316410392844,,LearningParams_Fit_alpha_neg-exp_neg_Fix_alpha_pos-beta-exp_pos_
13,13,107.74879405616686,200156.0,0.7478738546865237,0.05,1.0,0.9176744366049386,0.5,0.004579540675264293,,,0.8389317054290497,,LearningParams_Fit_alpha_neg-exp_neg_Fix_alpha_pos-beta-exp_pos_
14,2,107.74879405616699,200156.0,0.8475428548587671,0.05,1.0,0.5799223326987326,0.5,0.004579553919399054,,,0.8389311998997313,,LearningParams_Fit_alpha_neg-exp_neg_Fix_alpha_pos-beta-exp_pos_
15,7,107.74879405616699,200156.0,0.6349206579709277,0.05,1.0,0.2389317517288715,0.5,0.004579554132341152,,,0.8389311339015827,,LearningParams_Fit_alpha_neg-exp_neg_Fix_alpha_pos-beta-exp_pos_
16,5,107.74879405616704,200156.0,0.3389303930198981,0.05,1.0,0.3710295241236343,0.5,0.004579540819265995,,,0.8389316873995308,,LearningParams_Fit_alpha_neg-exp_neg_Fix_alpha_pos-beta-exp_pos_
17,4,107.74879405616713,200156.0,0.6762041683218316,0.05,1.0,0.5543747093934089,0.5,0.004579539789803988,,,0.8389317515996119,,LearningParams_Fit_alpha_neg-exp_neg_Fix_alpha_pos-beta-exp_pos_
18,9,107.74879405616718,200156.0,0.9905582813624316,0.05,1.0,0.7319073735273895,0.5,0.004579549774918778,,,0.8389312972517718,,LearningParams_Fit_alpha_neg-exp_neg_Fix_alpha_pos-beta-exp_pos_
19,23,107.74879405616737,200156.0,0.8370256520130601,0.05,1.0,0.34370963882274963,0.5,0.00457953975071006,,,0.8389317332399953,,LearningParams_Fit_alpha_neg-exp_neg_Fix_alpha_pos-beta-exp_pos_
20,49,107.74879405616751,200156.0,0.2653712469122521,0.05,1.0,0.628554248178079,0.5,0.004579539768742905,,,0.8389317278803375,,LearningParams_Fit_alpha_neg-exp_neg_Fix_alpha_pos-beta-exp_pos_
21,31,107.74879405616751,200156.0,0.3002109028413166,0.05,1.0,0.622390605121573,0.5,0.004579547566095524,,,0.8389313802753395,,LearningParams_Fit_alpha_neg-exp_neg_Fix_alpha_pos-beta-exp_pos_
22,47,107.74879405616757,200156.0,0.4593163085712482,0.05,1.0,0.5820163400567929,0.5,0.0045795442284579675,,,0.8389316174394317,,LearningParams_Fit_alpha_neg-exp_neg_Fix_alpha_pos-beta-exp_pos_
23,40,107.74879405616777,200156.0,0.6445084042638102,0.05,1.0,0.9720498479377444,0.5,0.004579539174084167,,,0.8389317563291508,,LearningParams_Fit_alpha_neg-exp_neg_Fix_alpha_pos-beta-exp_pos_
24,34,107.74879405616781,200156.0,0.2546980635867283,0.05,1.0,0.3118503717132381,0.5,0.00457954005269769,,,0.8389317735731641,,LearningParams_Fit_alpha_neg-exp_neg_Fix_alpha_pos-beta-exp_pos_
25,0,107.74879405616787,200156.0,0.07597937982345326,0.05,1.0,0.6668957806507049,0.5,0.004579554342488669,,,0.8389311136962062,,LearningParams_Fit_alpha_neg-exp_neg_Fix_alpha_pos-beta-exp_pos_
26,27,107.74879405616791,200156.0,0.7778131112682081,0.05,1.0,0.1801393581579901,0.5,0.0045795527893314715,,,0.8389311688199643,,LearningParams_Fit_alpha_neg-exp_neg_Fix_alpha_pos-beta-exp_pos_
27,22,107.74879405616792,200156.0,0.03689117714406531,0.05,1.0,0.2549084508835681,0.5,0.004579552990572096,,,0.8389311612746784,,LearningParams_Fit_alpha_neg-exp_neg_Fix_alpha_pos-beta-exp_pos_
28,39,107.74879405616798,200156.0,0.011134385756711327,0.05,1.0,0.4633009894224516,0.5,0.00457954829307438,,,0.8389314601954506,,LearningParams_Fit_alpha_neg-exp_neg_Fix_alpha_pos-beta-exp_pos_
29,10,107.74879405616812,200156.0,0.4498482343008599,0.05,1.0,0.6002431054276611,0.5,0.004579552785103074,,,0.8389312715595457,,LearningParams_Fit_alpha_neg-exp_neg_Fix_alpha_pos-beta-exp_pos_
30,45,107.74879405616848,200156.0,0.7856598068362776,0.05,1.0,0.978298971622362,0.5,0.004579559003994253,,,0.8389309625966181,,LearningParams_Fit_alpha_neg-exp_neg_Fix_alpha_pos-beta-exp_pos_
31,25,107.74879405616852,200156.0,0.9619375761593916,0.05,1.0,0.8322464418042611,0.5,0.0045795558331936425,,,0.8389311399364446,,LearningParams_Fit_alpha_neg-exp_neg_Fix_alpha_pos-beta-exp_pos_
32,20,107.7487940561687,200156.0,0.8670449287615601,0.05,1.0,0.1956536099121248,0.5,0.004579559175763753,,,0.8389309510528453,,LearningParams_Fit_alpha_neg-exp_neg_Fix_alpha_pos-beta-exp_pos_
33,12,107.74879405616913,200156.0,0.22141917889005625,0.05,1.0,0.13242909918154774,0.5,0.004579558079047105,,,0.8389309654155996,,LearningParams_Fit_alpha_neg-exp_neg_Fix_alpha_pos-beta-exp_pos_
34,28,107.74879405616926,200156.0,0.9534565755951476,0.05,1.0,0.6668046121905944,0.5,0.0045795597282513095,,,0.8389309547443013,,LearningParams_Fit_alpha_neg-exp_neg_Fix_alpha_pos-beta-exp_pos_
35,33,107.74879405616932,200156.0,0.008765672798916713,0.05,1.0,0.35197584207289745,0.5,0.004579539088436082,,,0.8389317314738924,,LearningParams_Fit_alpha_neg-exp_neg_Fix_alpha_pos-beta-exp_pos_
36,43,107.74879405616934,200156.0,0.6210350618341013,0.05,1.0,0.19804195354494025,0.5,0.004579536546620111,,,0.8389319120930805,,LearningParams_Fit_alpha_neg-exp_neg_Fix_alpha_pos-beta-exp_pos_
37,21,107.74879405616949,200156.0,0.29909787633604845,0.05,1.0,0.4127400532908633,0.5,0.00457953775855373,,,0.8389317924966501,,LearningParams_Fit_alpha_neg-exp_neg_Fix_alpha_pos-beta-exp_pos_
38,6,107.7487940561698,200156.0,0.29821754271287226,0.05,1.0,0.09842191282024347,0.5,0.004579545111770035,,,0.8389316066013737,,LearningParams_Fit_alpha_neg-exp_neg_Fix_alpha_pos-beta-exp_pos_
39,41,107.7487940561707,200156.0,0.8020888996575924,0.05,1.0,0.2483708272949107,0.5,0.004579559615628578,,,0.8389309870907233,,LearningParams_Fit_alpha_neg-exp_neg_Fix_alpha_pos-beta-exp_pos_
40,16,107.7487940561708,200156.0,0.4104157642354219,0.05,1.0,0.9389214562324472,0.5,0.004579559724352809,,,0.8389309833933116,,LearningParams_Fit_alpha_neg-exp_neg_Fix_alpha_pos-beta-exp_pos_
41,15,107.74879405617119,200156.0,0.6076214719137709,0.05,1.0,0.7818090004213447,0.5,0.004579547642304021,,,0.8389315152983714,,LearningParams_Fit_alpha_neg-exp_neg_Fix_alpha_pos-beta-exp_pos_
42,37,107.74879405617138,200156.0,0.22508632499446848,0.05,1.0,0.7496454746997889,0.5,0.004579533832196857,,,0.8389319631653922,,LearningParams_Fit_alpha_neg-exp_neg_Fix_alpha_pos-beta-exp_pos_
43,42,107.74879405617186,200156.0,0.7278645704736684,0.05,1.0,0.13370861927389574,0.5,0.004579555101945526,,,0.8389310443293381,,LearningParams_Fit_alpha_neg-exp_neg_Fix_alpha_pos-beta-exp_pos_
44,36,107.74879405617389,200156.0,0.4925726139681118,0.05,1.0,0.9034054468097299,0.5,0.004579533075251237,,,0.8389319685384901,,LearningParams_Fit_alpha_neg-exp_neg_Fix_alpha_pos-beta-exp_pos_
45,17,107.74879405617394,200156.0,0.3980189542516797,0.05,1.0,0.518029693909937,0.5,0.0045795520624907216,,,0.8389311485961677,,LearningParams_Fit_alpha_neg-exp_neg_Fix_alpha_pos-beta-exp_pos_
46,14,107.74879405617432,200156.0,0.5485837058070648,0.05,1.0,0.15386757487576608,0.5,0.004579529485449824,,,0.8389321793457691,,LearningParams_Fit_alpha_neg-exp_neg_Fix_alpha_pos-beta-exp_pos_
47,3,223.1782472105205,200156.0,0.8713730720356165,0.05,1.0,0.34099715732998104,0.5,1.1249574521333687,,,-0.5580160831255652,,LearningParams_Fit_alpha_neg-exp_neg_Fix_alpha_pos-beta-exp_pos_
48,29,,200156.0,0.21593803733169087,0.05,1.0,0.5992142554329393,0.5,inf,,,inf,,LearningParams_Fit_alpha_neg-exp_neg_Fix_alpha_pos-beta-exp_pos_
49,46,,200156.0,0.9775475506900508,0.05,1.0,0.6052475831401692,0.5,inf,,,inf,,LearningParams_Fit_alpha_neg-exp_neg_Fix_alpha_pos-beta-exp_pos_
0,45,70.78822076703226,100243.0,0.14030320462675028,0.05,1.0,0.12673366537559072,0.5,0.4021256585165042,,,-0.6849070180094039,,LearningParams_Fit_alpha_neg-exp_neg_Fix_alpha_pos-beta-exp_pos_
1,1,70.7882207670323,100243.0,0.15534387001509886,0.05,1.0,0.7829324513919581,0.5,0.4021256244293737,,,-0.6849070111868882,,LearningParams_Fit_alpha_neg-exp_neg_Fix_alpha_pos-beta-exp_pos_
2,21,70.7882207670323,100243.0,0.2683291851002929,0.05,1.0,0.2457686848091317,0.5,0.4021257925616383,,,-0.6849072713977971,,LearningParams_Fit_alpha_neg-exp_neg_Fix_alpha_pos-beta-exp_pos_
3,33,70.7882207670323,100243.0,0.13819351030623414,0.05,1.0,0.37600251815001295,0.5,0.4021258734526486,,,-0.6849073733854849,,LearningParams_Fit_alpha_neg-exp_neg_Fix_alpha_pos-beta-exp_pos_
4,4,70.78822076703231,100243.0,0.9088874086990288,0.05,1.0,0.12393395527338613,0.5,0.4021259324814169,,,-0.6849074821750836,,LearningParams_Fit_alpha_neg-exp_neg_Fix_alpha_pos-beta-exp_pos_
5,7,70.78822076703231,100243.0,0.8046802412849771,0.05,1.0,0.7482875354092433,0.5,0.4021258555431617,,,-0.6849073274155653,,LearningParams_Fit_alpha_neg-exp_neg_Fix_alpha_pos-beta-exp_pos_
6,40,70.78822076703234,100243.0,0.572348972907732,0.05,1.0,0.0008759413517485104,0.5,0.40212552047727823,,,-0.6849068153605454,,LearningParams_Fit_alpha_neg-exp_neg_Fix_alpha_pos-beta-exp_pos_
7,3,70.78822076703234,100243.0,0.08465105125861694,0.05,1.0,0.35019104042779925,0.5,0.4021256236384983,,,-0.6849069677436745,,LearningParams_Fit_alpha_neg-exp_neg_Fix_alpha_pos-beta-exp_pos_
8,26,70.78822076703234,100243.0,0.6930650230546352,0.05,1.0,0.6763082508100016,0.5,0.4021258983843471,,,-0.6849073712320255,,LearningParams_Fit_alpha_neg-exp_neg_Fix_alpha_pos-beta-exp_pos_
9,41,70.78822076703237,100243.0,0.6237405152079376,0.05,1.0,0.1474556579335783,0.5,0.40212554680935375,,,-0.6849068943015888,,LearningParams_Fit_alpha_neg-exp_neg_Fix_alpha_pos-beta-exp_pos_
10,32,70.78822076703237,100243.0,0.3262400830965063,0.05,1.0,0.7836086681030826,0.5,0.4021259504475744,,,-0.6849074718195195,,LearningParams_Fit_alpha_neg-exp_neg_Fix_alpha_pos-beta-exp_pos_
11,30,70.7882207670324,100243.0,0.2756069087755785,0.05,1.0,0.857835321956866,0.5,0.40212575071213397,,,-0.6849072151321883,,LearningParams_Fit_alpha_neg-exp_neg_Fix_alpha_pos-beta-exp_pos_
12,48,70.7882207670324,100243.0,0.12303752886192175,0.05,1.0,0.9775032718228848,0.5,0.4021256082877632,,,-0.6849069944642392,,LearningParams_Fit_alpha_neg-exp_neg_Fix_alpha_pos-beta-exp_pos_
13,23,70.7882207670324,100243.0,0.4419568258543864,0.05,1.0,0.9475191786967812,0.5,0.4021258757537067,,,-0.6849073102445307,,LearningParams_Fit_alpha_neg-exp_neg_Fix_alpha_pos-beta-exp_pos_
14,44,70.7882207670324,100243.0,0.03781255516904247,0.05,1.0,0.7538417892478214,0.5,0.40212598282453904,,,-0.6849075224503427,,LearningParams_Fit_alpha_neg-exp_neg_Fix_alpha_pos-beta-exp_pos_
15,19,70.7882207670324,100243.0,0.0765235018878847,0.05,1.0,0.6271322366028299,0.5,0.402125895501342,,,-0.6849074291680428,,LearningParams_Fit_alpha_neg-exp_neg_Fix_alpha_pos-beta-exp_pos_
16,14,70.7882207670324,100243.0,0.391300550998186,0.05,1.0,0.8897947699199402,0.5,0.4021254976988001,,,-0.6849067936727107,,LearningParams_Fit_alpha_neg-exp_neg_Fix_alpha_pos-beta-exp_pos_
17,6,70.7882207670324,100243.0,0.3940375017880655,0.05,1.0,0.6648535179680999,0.5,0.4021259846754823,,,-0.6849075272888434,,LearningParams_Fit_alpha_neg-exp_neg_Fix_alpha_pos-beta-exp_pos_
18,2,70.7882207670324,100243.0,0.7974079921271578,0.05,1.0,0.6767258561100764,0.5,0.40212589811900734,,,-0.6849073995212479,,LearningParams_Fit_alpha_neg-exp_neg_Fix_alpha_pos-beta-exp_pos_
19,28,70.7882207670324,100243.0,0.01003247309950428,0.05,1.0,0.1858513994103369,0.5,0.4021259803986629,,,-0.6849075065111851,,LearningParams_Fit_alpha_neg-exp_neg_Fix_alpha_pos-beta-exp_pos_
20,15,70.7882207670324,100243.0,0.8923137863113695,0.05,1.0,0.17669017665229025,0.5,0.402125551801418,,,-0.6849068575133244,,LearningParams_Fit_alpha_neg-exp_neg_Fix_alpha_pos-beta-exp_pos_
21,27,70.78822076703244,100243.0,0.026668314126396808,0.05,1.0,0.27049754596314696,0.5,0.4021256818683694,,,-0.6849070175030464,,LearningParams_Fit_alpha_neg-exp_neg_Fix_alpha_pos-beta-exp_pos_
22,5,70.78822076703244,100243.0,0.5418262822151683,0.05,1.0,0.9125877181608252,0.5,0.4021255844825497,,,-0.6849068783133183,,LearningParams_Fit_alpha_neg-exp_neg_Fix_alpha_pos-beta-exp_pos_
23,43,70.78822076703246,100243.0,0.002414549697343338,0.05,1.0,0.25612260409797505,0.5,0.4021258769114895,,,-0.6849074423863705,,LearningParams_Fit_alpha_neg-exp_neg_Fix_alpha_pos-beta-exp_pos_
24,42,70.78822076703246,100243.0,0.8636427054512611,0.05,1.0,0.976424904933788,0.5,0.40212565920326737,,,-0.6849069833615924,,LearningParams_Fit_alpha_neg-exp_neg_Fix_alpha_pos-beta-exp_pos_
25,25,70.78822076703247,100243.0,0.2827986383562451,0.05,1.0,0.0238085881592216,0.5,0.4021260781802944,,,-0.6849076710978391,,LearningParams_Fit_alpha_neg-exp_neg_Fix_alpha_pos-beta-exp_pos_
26,47,70.78822076703248,100243.0,0.909822958233028,0.05,1.0,0.9268847770978628,0.5,0.4021255543789797,,,-0.6849069452426522,,LearningParams_Fit_alpha_neg-exp_neg_Fix_alpha_pos-beta-exp_pos_
27,12,70.7882207670325,100243.0,0.3163452074945988,0.05,1.0,0.9693049398315624,0.5,0.4021258725194312,,,-0.6849074173758746,,LearningParams_Fit_alpha_neg-exp_neg_Fix_alpha_pos-beta-exp_pos_
28,9,70.7882207670325,100243.0,0.3434077490195464,0.05,1.0,0.3337344503939652,0.5,0.4021260480091559,,,-0.6849075783622871,,LearningParams_Fit_alpha_neg-exp_neg_Fix_alpha_pos-beta-exp_pos_
29,13,70.78822076703251,100243.0,0.7924976120456079,0.05,1.0,0.9097234961662888,0.5,0.4021258185873404,,,-0.6849072160512337,,LearningParams_Fit_alpha_neg-exp_neg_Fix_alpha_pos-beta-exp_pos_
30,10,70.78822076703251,100243.0,0.9930379890474909,0.05,1.0,0.01558898885482185,0.5,0.4021258140343216,,,-0.6849073489606664,,LearningParams_Fit_alpha_neg-exp_neg_Fix_alpha_pos-beta-exp_pos_
31,0,70.78822076703253,100243.0,0.8220074021241671,0.05,1.0,0.44078233843991793,0.5,0.4021253919693898,,,-0.6849066149069799,,LearningParams_Fit_alpha_neg-exp_neg_Fix_alpha_pos-beta-exp_pos_
32,31,70.78822076703253,100243.0,0.4887616597862578,0.05,1.0,0.6545055661398361,0.5,0.40212585532369577,,,-0.6849074089633823,,LearningParams_Fit_alpha_neg-exp_neg_Fix_alpha_pos-beta-exp_pos_
33,34,70.78822076703254,100243.0,0.5189165715813322,0.05,1.0,0.8141977089424024,0.5,0.4021259567796114,,,-0.6849075555739044,,LearningParams_Fit_alpha_neg-exp_neg_Fix_alpha_pos-beta-exp_pos_
34,16,70.78822076703257,100243.0,0.09632282831223228,0.05,1.0,0.02230141580371492,0.5,0.40212572075965397,,,-0.6849072089782425,,LearningParams_Fit_alpha_neg-exp_neg_Fix_alpha_pos-beta-exp_pos_
35,38,70.78822076703257,100243.0,0.19278934074341392,0.05,1.0,0.4663155943533341,0.5,0.40212563631077136,,,-0.6849069354037198,,LearningParams_Fit_alpha_neg-exp_neg_Fix_alpha_pos-beta-exp_pos_
36,37,70.78822076703261,100243.0,0.4828338667154388,0.05,1.0,0.3305642988276716,0.5,0.4021261671476936,,,-0.6849077647386219,,LearningParams_Fit_alpha_neg-exp_neg_Fix_alpha_pos-beta-exp_pos_
37,29,70.78822076703263,100243.0,0.2372181547491179,0.05,1.0,0.8466526045599827,0.5,0.40212542881776747,,,-0.6849067743038272,,LearningParams_Fit_alpha_neg-exp_neg_Fix_alpha_pos-beta-exp_pos_
38,36,70.78822076703266,100243.0,0.3608682403796477,0.05,1.0,0.419809948936008,0.5,0.4021257853602631,,,-0.6849073295245868,,LearningParams_Fit_alpha_neg-exp_neg_Fix_alpha_pos-beta-exp_pos_
39,17,70.78822076703274,100243.0,0.2238019219658064,0.05,1.0,0.8703232958151519,0.5,0.4021253783480971,,,-0.6849067071009496,,LearningParams_Fit_alpha_neg-exp_neg_Fix_alpha_pos-beta-exp_pos_
40,49,70.78822076703291,100243.0,0.010416105174112513,0.05,1.0,0.07393758934491701,0.5,0.4021257122753229,,,-0.6849070089996507,,LearningParams_Fit_alpha_neg-exp_neg_Fix_alpha_pos-beta-exp_pos_
41,11,70.78822076703308,100243.0,0.5256016913448346,0.05,1.0,0.8764983838375754,0.5,0.40212610325954096,,,-0.684907827959183,,LearningParams_Fit_alpha_neg-exp_neg_Fix_alpha_pos-beta-exp_pos_
42,22,70.7882207670339,100243.0,0.7413756490667569,0.05,1.0,0.3332445222000694,0.5,0.40212610862873815,,,-0.6849078988258379,,LearningParams_Fit_alpha_neg-exp_neg_Fix_alpha_pos-beta-exp_pos_
43,8,70.81707363584479,100243.0,0.94971439570219,0.05,1.0,0.5256853006364044,0.5,7.8454688952165395,,,-2.5274827200473244,,LearningParams_Fit_alpha_neg-exp_neg_Fix_alpha_pos-beta-exp_pos_
44,39,70.81707363584479,100243.0,0.9247018130296862,0.05,1.0,0.6664073827955591,0.5,7.845469068885459,,,-2.5274827334644554,,LearningParams_Fit_alpha_neg-exp_neg_Fix_alpha_pos-beta-exp_pos_
45,46,70.8170736358448,100243.0,0.9160379908204744,0.05,1.0,0.590038668012131,0.5,7.8454604815309175,,,-2.527482050816832,,LearningParams_Fit_alpha_neg-exp_neg_Fix_alpha_pos-beta-exp_pos_
46,24,70.8170736358448,100243.0,0.93352122289148,0.05,1.0,0.5282121748740928,0.5,7.8454552429521724,,,-2.5274816428687847,,LearningParams_Fit_alpha_neg-exp_neg_Fix_alpha_pos-beta-exp_pos_
47,35,70.81707363584484,100243.0,0.7278925933587846,0.05,1.0,0.2914005934151279,0.5,7.845446403591843,,,-2.5274809205741566,,LearningParams_Fit_alpha_neg-exp_neg_Fix_alpha_pos-beta-exp_pos_
48,20,70.81707363584484,100243.0,0.9385824698950735,0.05,1.0,0.5423583303086212,0.5,7.845440760435448,,,-2.52748048884732,,LearningParams_Fit_alpha_neg-exp_neg_Fix_alpha_pos-beta-exp_pos_
49,18,70.81707363584486,100243.0,0.9495820633014616,0.05,1.0,0.36087766002161337,0.5,7.845454190762032,,,-2.5274815315377968,,LearningParams_Fit_alpha_neg-exp_neg_Fix_alpha_pos-beta-exp_pos_
0,27,81.79829390271,100191.0,0.62775973525773,0.05,1.0,0.19700109417567568,0.5,0.005504152275614035,,,0.8616335119601602,,LearningParams_Fit_alpha_neg-exp_neg_Fix_alpha_pos-beta-exp_pos_
1,37,81.79829390271024,100191.0,0.7556581643237409,0.05,1.0,0.042458476319215836,0.5,0.0055041552570125225,,,0.8616333383056463,,LearningParams_Fit_alpha_neg-exp_neg_Fix_alpha_pos-beta-exp_pos_
2,25,81.79829390271054,100191.0,0.10834239453250337,0.05,1.0,0.6585600687036738,0.5,0.005504160573722782,,,0.8616331942746509,,LearningParams_Fit_alpha_neg-exp_neg_Fix_alpha_pos-beta-exp_pos_
3,33,81.79829390271068,100191.0,0.9627292059193844,0.05,1.0,0.05072891073342123,0.5,0.005504145510752007,,,0.8616336747177671,,LearningParams_Fit_alpha_neg-exp_neg_Fix_alpha_pos-beta-exp_pos_
4,41,81.79829390271091,100191.0,0.0059936555345766465,0.05,1.0,0.025930878912876487,0.5,0.005504148352374291,,,0.8616335554262624,,LearningParams_Fit_alpha_neg-exp_neg_Fix_alpha_pos-beta-exp_pos_
5,15,81.79829390271114,100191.0,0.8000973710144365,0.05,1.0,0.13346674005228765,0.5,0.0055041621639539745,,,0.8616331762191081,,LearningParams_Fit_alpha_neg-exp_neg_Fix_alpha_pos-beta-exp_pos_
6,19,81.79829390271132,100191.0,0.9733093459140134,0.05,1.0,0.09435701570440737,0.5,0.005504154885451095,,,0.8616333403652847,,LearningParams_Fit_alpha_neg-exp_neg_Fix_alpha_pos-beta-exp_pos_
7,28,81.79829390271156,100191.0,0.029647328228875613,0.05,1.0,0.436712782842366,0.5,0.0055041436919153214,,,0.8616337537888044,,LearningParams_Fit_alpha_neg-exp_neg_Fix_alpha_pos-beta-exp_pos_
8,34,81.79829390271169,100191.0,0.6959963311485347,0.05,1.0,0.26339501091184003,0.5,0.0055041593956161,,,0.8616332920408908,,LearningParams_Fit_alpha_neg-exp_neg_Fix_alpha_pos-beta-exp_pos_
9,36,81.79829390271334,100191.0,0.22707004517553345,0.05,1.0,0.24341842054109364,0.5,0.005504165280831297,,,0.8616330504572756,,LearningParams_Fit_alpha_neg-exp_neg_Fix_alpha_pos-beta-exp_pos_
10,3,81.79829390271492,100191.0,0.04333638250401883,0.05,1.0,0.9810427764812708,0.5,0.005504143534725405,,,0.8616336941884002,,LearningParams_Fit_alpha_neg-exp_neg_Fix_alpha_pos-beta-exp_pos_
11,23,81.7982939027163,100191.0,0.0975023659148836,0.05,1.0,0.8735289947361531,0.5,0.005504158953121457,,,0.8616333402748197,,LearningParams_Fit_alpha_neg-exp_neg_Fix_alpha_pos-beta-exp_pos_
12,31,81.79829390271631,100191.0,0.875522457821203,0.05,1.0,0.026143283508236137,0.5,0.00550413958556191,,,0.861633906473322,,LearningParams_Fit_alpha_neg-exp_neg_Fix_alpha_pos-beta-exp_pos_
13,13,81.79829390271709,100191.0,0.5378609570541338,0.05,1.0,0.2983964878999037,0.5,0.0055041649582554105,,,0.8616330140898358,,LearningParams_Fit_alpha_neg-exp_neg_Fix_alpha_pos-beta-exp_pos_
14,30,81.79829390271784,100191.0,0.0013408525675855374,0.05,1.0,0.6007242426588406,0.5,0.005504142993417691,,,0.8616338361509064,,LearningParams_Fit_alpha_neg-exp_neg_Fix_alpha_pos-beta-exp_pos_
15,44,81.79829390271797,100191.0,0.5016580761981515,0.05,1.0,0.1072623726705828,0.5,0.005504150592623848,,,0.8616336166700191,,LearningParams_Fit_alpha_neg-exp_neg_Fix_alpha_pos-beta-exp_pos_
16,45,81.79829390272027,100191.0,0.11693027811399515,0.05,1.0,0.613443366864339,0.5,0.005504143840137604,,,0.8616336500596754,,LearningParams_Fit_alpha_neg-exp_neg_Fix_alpha_pos-beta-exp_pos_
17,38,81.7982939027217,100191.0,0.9451971024875712,0.05,1.0,0.11200637769521292,0.5,0.005504155606682257,,,0.8616334756203894,,LearningParams_Fit_alpha_neg-exp_neg_Fix_alpha_pos-beta-exp_pos_
18,20,81.79829390272222,100191.0,0.08313164166777387,0.05,1.0,0.9484652976090292,0.5,0.005504140671111922,,,0.8616337522718431,,LearningParams_Fit_alpha_neg-exp_neg_Fix_alpha_pos-beta-exp_pos_
19,14,81.79829390272253,100191.0,0.031983054702270475,0.05,1.0,0.02838009343489012,0.5,0.005504171043925622,,,0.8616329368649356,,LearningParams_Fit_alpha_neg-exp_neg_Fix_alpha_pos-beta-exp_pos_
20,35,81.79829390272397,100191.0,0.010838137613021992,0.05,1.0,0.8995360990551178,0.5,0.005504161438328258,,,0.8616332923067712,,LearningParams_Fit_alpha_neg-exp_neg_Fix_alpha_pos-beta-exp_pos_
21,9,120.98642408745737,100191.0,0.24564940395900106,0.05,1.0,0.35283771201832803,0.5,-21.0177703068034,,,-2.946317869515875,,LearningParams_Fit_alpha_neg-exp_neg_Fix_alpha_pos-beta-exp_pos_
22,0,122.68462714939449,100191.0,0.8622731797916123,0.05,1.0,0.587410321374414,0.5,4.1296117225414575,,,-21.729521042356147,,LearningParams_Fit_alpha_neg-exp_neg_Fix_alpha_pos-beta-exp_pos_
23,39,122.68462714939449,100191.0,0.3721781322641247,0.05,1.0,0.8603754545681238,0.5,2.016712995065676,,,-22.243982321164946,,LearningParams_Fit_alpha_neg-exp_neg_Fix_alpha_pos-beta-exp_pos_
24,32,122.68462714939449,100191.0,0.9719187819948872,0.05,1.0,0.7742101826100468,0.5,5.95573131559605,,,-24.87460198133673,,LearningParams_Fit_alpha_neg-exp_neg_Fix_alpha_pos-beta-exp_pos_
25,40,122.68462714939449,100191.0,0.20246361575702032,0.05,1.0,0.6003853321192084,0.5,1.5941760694352314,,,-26.39910135800776,,LearningParams_Fit_alpha_neg-exp_neg_Fix_alpha_pos-beta-exp_pos_
26,42,122.68462714939449,100191.0,0.6676540670499115,0.05,1.0,0.3681006023092424,0.5,4.94914877348867,,,-22.670323950071587,,LearningParams_Fit_alpha_neg-exp_neg_Fix_alpha_pos-beta-exp_pos_
27,43,122.68462714939449,100191.0,0.8854703321105991,0.05,1.0,0.7943365200871513,0.5,5.4259918459007865,,,-25.521241156757213,,LearningParams_Fit_alpha_neg-exp_neg_Fix_alpha_pos-beta-exp_pos_
28,46,122.68462714939449,100191.0,0.7263010443404136,0.05,1.0,0.8357195686374691,0.5,4.450633071880394,,,-26.85083728528273,,LearningParams_Fit_alpha_neg-exp_neg_Fix_alpha_pos-beta-exp_pos_
29,49,122.68462714939449,100191.0,0.7771982738094546,0.05,1.0,0.7626145656295903,0.5,4.762521502314602,,,-24.502046358076342,,LearningParams_Fit_alpha_neg-exp_neg_Fix_alpha_pos-beta-exp_pos_
30,26,122.68462714939449,100191.0,0.815710827607162,0.05,1.0,0.7688423226408427,0.5,4.998519022833407,,,-24.702137987418016,,LearningParams_Fit_alpha_neg-exp_neg_Fix_alpha_pos-beta-exp_pos_
31,1,122.68462714939449,100191.0,0.4458508712287159,0.05,1.0,0.7764280458447846,0.5,2.7320883648449725,,,-24.945859717869073,,LearningParams_Fit_alpha_neg-exp_neg_Fix_alpha_pos-beta-exp_pos_
32,2,122.68462714939449,100191.0,0.5267850222490617,0.05,1.0,0.787990818366671,0.5,3.2280372719579984,,,-25.317360081391893,,LearningParams_Fit_alpha_neg-exp_neg_Fix_alpha_pos-beta-exp_pos_
33,4,122.68462714939449,100191.0,0.5602620007280619,0.05,1.0,0.8594651901563641,0.5,3.0358786816307437,,,-22.220448519293594,,LearningParams_Fit_alpha_neg-exp_neg_Fix_alpha_pos-beta-exp_pos_
34,5,122.68462714939449,100191.0,0.9583181825714724,0.05,1.0,0.28724177189666544,0.5,18.797331603242935,,,-26.885633492847877,,LearningParams_Fit_alpha_neg-exp_neg_Fix_alpha_pos-beta-exp_pos_
35,6,122.68462714939449,100191.0,0.7508734469370187,0.05,1.0,0.9359163535678198,0.5,4.999431267133043,,,-25.949194883481894,,LearningParams_Fit_alpha_neg-exp_neg_Fix_alpha_pos-beta-exp_pos_
36,7,122.68462714939449,100191.0,0.3040703613517557,0.05,1.0,0.5694550927097762,0.5,2.394216322172377,,,-25.039090575740968,,LearningParams_Fit_alpha_neg-exp_neg_Fix_alpha_pos-beta-exp_pos_
37,8,122.68462714939449,100191.0,0.4886017170751776,0.05,1.0,0.6292837173936949,0.5,3.8471957637119787,,,-27.669770978218498,,LearningParams_Fit_alpha_neg-exp_neg_Fix_alpha_pos-beta-exp_pos_
38,29,122.68462714939449,100191.0,0.17419488152470786,0.05,1.0,0.7379158768094163,0.5,1.0674327218821718,,,-23.70850208849359,,LearningParams_Fit_alpha_neg-exp_neg_Fix_alpha_pos-beta-exp_pos_
39,10,122.68462714939449,100191.0,0.606757567146069,0.05,1.0,0.4756386532403404,0.5,7.958597253286923,,,-22.99081180830717,,LearningParams_Fit_alpha_neg-exp_neg_Fix_alpha_pos-beta-exp_pos_
40,12,122.68462714939449,100191.0,0.8590354404374625,0.05,1.0,0.6689074620419052,0.5,2.7426898066909127,,,-25.10609266790981,,LearningParams_Fit_alpha_neg-exp_neg_Fix_alpha_pos-beta-exp_pos_
41,17,122.68462714939449,100191.0,0.8618134646503167,0.05,1.0,0.6745085743676826,0.5,7.3029012559932305,,,-23.88326835072101,,LearningParams_Fit_alpha_neg-exp_neg_Fix_alpha_pos-beta-exp_pos_
42,18,122.68462714939449,100191.0,0.26953501182183426,0.05,1.0,0.7667611508863538,0.5,1.6516586985405788,,,-24.63527201198847,,LearningParams_Fit_alpha_neg-exp_neg_Fix_alpha_pos-beta-exp_pos_
43,21,122.68462714939449,100191.0,0.5041346373188019,0.05,1.0,0.9493059427954564,0.5,2.73174264204768,,,-24.543174141943197,,LearningParams_Fit_alpha_neg-exp_neg_Fix_alpha_pos-beta-exp_pos_
44,22,122.68462714939449,100191.0,0.13346371604663465,0.05,1.0,0.7293393971667603,0.5,0.8178399758087259,,,-23.43294834055295,,LearningParams_Fit_alpha_neg-exp_neg_Fix_alpha_pos-beta-exp_pos_
45,48,122.68462714939449,100191.0,0.7596638835838282,0.05,1.0,0.3989661588589116,0.5,6.411272925011812,,,-29.41721841768566,,LearningParams_Fit_alpha_neg-exp_neg_Fix_alpha_pos-beta-exp_pos_
46,11,122.68462714939449,100191.0,0.6448681864277959,0.05,1.0,0.8391254444052433,0.5,5.835238406856813,,,-27.830447600479516,,LearningParams_Fit_alpha_neg-exp_neg_Fix_alpha_pos-beta-exp_pos_
47,47,240.96570067071445,100191.0,0.5747293615499542,0.05,1.0,0.2994813236242065,0.5,0.710756154939274,,,-0.2950944659778582,,LearningParams_Fit_alpha_neg-exp_neg_Fix_alpha_pos-beta-exp_pos_
48,16,249.11938102091747,100191.0,0.8900187005154347,0.05,1.0,0.2973187064137985,0.5,1.2328446199125382,,,-0.7256945225472899,,LearningParams_Fit_alpha_neg-exp_neg_Fix_alpha_pos-beta-exp_pos_
49,24,253.83939315421622,100191.0,0.7233458427986179,0.05,1.0,0.5818824684980136,0.5,0.9604453198364322,,,-0.3991386411353517,,LearningParams_Fit_alpha_neg-exp_neg_Fix_alpha_pos-beta-exp_pos_
0,8,89.71506221858824,406980.0,0.07248788421738395,0.05,1.0,0.09687049113976476,0.5,0.006635431466945462,,,0.6780300422756742,,LearningParams_Fit_alpha_neg-exp_neg_Fix_alpha_pos-beta-exp_pos_
1,21,89.7150622185883,406980.0,0.6728652563149652,0.05,1.0,0.20965979195460405,0.5,0.006635429453938864,,,0.6780300508661028,,LearningParams_Fit_alpha_neg-exp_neg_Fix_alpha_pos-beta-exp_pos_
2,45,89.7150622185885,406980.0,0.1337447996450074,0.05,1.0,0.2113254431989542,0.5,0.006635448745495481,,,0.6780294989668331,,LearningParams_Fit_alpha_neg-exp_neg_Fix_alpha_pos-beta-exp_pos_
3,18,89.7150622185886,406980.0,0.981807100933694,0.05,1.0,0.14679028707630604,0.5,0.006635440766093364,,,0.6780298127115081,,LearningParams_Fit_alpha_neg-exp_neg_Fix_alpha_pos-beta-exp_pos_
4,44,89.71506221858955,406980.0,0.19350991896613945,0.05,1.0,0.1834984185388575,0.5,0.006635438941645254,,,0.6780298871724173,,LearningParams_Fit_alpha_neg-exp_neg_Fix_alpha_pos-beta-exp_pos_
5,36,89.7150622185897,406980.0,0.03643673015269333,0.05,1.0,0.3618883617244471,0.5,0.006635450532530222,,,0.6780295431668462,,LearningParams_Fit_alpha_neg-exp_neg_Fix_alpha_pos-beta-exp_pos_
6,39,89.7150622185909,406980.0,0.19355166350885575,0.05,1.0,0.16727612460759034,0.5,0.006635435578933511,,,0.6780297730365307,,LearningParams_Fit_alpha_neg-exp_neg_Fix_alpha_pos-beta-exp_pos_
7,11,89.7150622185912,406980.0,0.006814654510910234,0.05,1.0,0.5643171386955558,0.5,0.0066354399884279896,,,0.6780296432475746,,LearningParams_Fit_alpha_neg-exp_neg_Fix_alpha_pos-beta-exp_pos_
8,23,89.7150622185914,406980.0,0.8194258028728817,0.05,1.0,0.09194209256172227,0.5,0.00663543933026479,,,0.6780296572221284,,LearningParams_Fit_alpha_neg-exp_neg_Fix_alpha_pos-beta-exp_pos_
9,15,89.71506221859354,406980.0,0.6771010121605339,0.05,1.0,0.11973827214838252,0.5,0.006635442526903571,,,0.6780298540378871,,LearningParams_Fit_alpha_neg-exp_neg_Fix_alpha_pos-beta-exp_pos_
10,37,89.71506221859529,406980.0,0.17435020601896922,0.05,1.0,0.1949258482518581,0.5,0.006635418278270232,,,0.6780302416046435,,LearningParams_Fit_alpha_neg-exp_neg_Fix_alpha_pos-beta-exp_pos_
11,27,89.71506221859993,406980.0,0.4607010155607223,0.05,1.0,0.05267379688293894,0.5,0.006635458382316564,,,0.6780290614287966,,LearningParams_Fit_alpha_neg-exp_neg_Fix_alpha_pos-beta-exp_pos_
12,35,97.18314681190449,406980.0,0.7578579383201983,0.05,1.0,0.7596118578959651,0.5,3.1438846606201327,,,-21.84101070423979,,LearningParams_Fit_alpha_neg-exp_neg_Fix_alpha_pos-beta-exp_pos_
13,31,97.18314681190449,406980.0,0.7313209202097757,0.05,1.0,0.8390305115862696,0.5,4.008467984955148,,,-22.01387869045451,,LearningParams_Fit_alpha_neg-exp_neg_Fix_alpha_pos-beta-exp_pos_
14,26,97.18314681190449,406980.0,0.3825985747158832,0.05,1.0,0.6744720835738643,0.5,2.344490460469098,,,-21.670116207801353,,LearningParams_Fit_alpha_neg-exp_neg_Fix_alpha_pos-beta-exp_pos_
15,48,97.18314681190449,406980.0,0.5384511716519172,0.05,1.0,0.4878149676064214,0.5,4.3641702237812785,,,-22.084316473097864,,LearningParams_Fit_alpha_neg-exp_neg_Fix_alpha_pos-beta-exp_pos_
16,24,97.18314681190449,406980.0,0.8639053493752791,0.05,1.0,0.58808723637996,0.5,4.134343910755334,,,-22.021799508239077,,LearningParams_Fit_alpha_neg-exp_neg_Fix_alpha_pos-beta-exp_pos_
17,49,97.18314681190449,406980.0,0.4584439983362696,0.05,1.0,0.35665716518902457,0.5,3.398328062471927,,,-21.96555350147641,,LearningParams_Fit_alpha_neg-exp_neg_Fix_alpha_pos-beta-exp_pos_
18,16,97.18314681190449,406980.0,0.9849618042475504,0.05,1.0,0.7374418944097034,0.5,4.713677071987461,,,-27.614606376483287,,LearningParams_Fit_alpha_neg-exp_neg_Fix_alpha_pos-beta-exp_pos_
19,46,97.18314681190449,406980.0,0.36173513138862856,0.05,1.0,0.4756541903428018,0.5,3.59846531343519,,,-26.20968392769927,,LearningParams_Fit_alpha_neg-exp_neg_Fix_alpha_pos-beta-exp_pos_
20,1,97.18314681190449,406980.0,0.17281217733533627,0.05,1.0,0.4474852570208859,0.5,1.7190993407061097,,,-24.65750830528799,,LearningParams_Fit_alpha_neg-exp_neg_Fix_alpha_pos-beta-exp_pos_
21,2,97.18314681190449,406980.0,0.6162916114293762,0.05,1.0,0.6513596143486063,0.5,4.8526118387289765,,,-28.64045398811919,,LearningParams_Fit_alpha_neg-exp_neg_Fix_alpha_pos-beta-exp_pos_
22,43,97.18314681190449,406980.0,0.3451339486108017,0.05,1.0,0.2922933448881494,0.5,4.018223681925557,,,-30.928946074232346,,LearningParams_Fit_alpha_neg-exp_neg_Fix_alpha_pos-beta-exp_pos_
23,42,97.18314681190449,406980.0,0.8473052805588808,0.05,1.0,0.8264456421727469,0.5,7.179960689189078,,,-29.263116584988204,,LearningParams_Fit_alpha_neg-exp_neg_Fix_alpha_pos-beta-exp_pos_
24,40,97.18314681190449,406980.0,0.7423504504695596,0.05,1.0,0.4572323681932045,0.5,9.835622409750604,,,-34.426281943762945,,LearningParams_Fit_alpha_neg-exp_neg_Fix_alpha_pos-beta-exp_pos_
25,3,97.18314681190449,406980.0,0.11232954983262923,0.05,1.0,0.7023128389233638,0.5,0.8844704247923869,,,-30.880880707603325,,LearningParams_Fit_alpha_neg-exp_neg_Fix_alpha_pos-beta-exp_pos_
26,38,97.18314681190449,406980.0,0.5708206040315724,0.05,1.0,0.7754135485805851,0.5,3.497878845432308,,,-24.913264931304788,,LearningParams_Fit_alpha_neg-exp_neg_Fix_alpha_pos-beta-exp_pos_
27,4,97.18314681190449,406980.0,0.11308103879068156,0.05,1.0,0.8860075100788743,0.5,0.6929388508610135,,,-28.46653875229101,,LearningParams_Fit_alpha_neg-exp_neg_Fix_alpha_pos-beta-exp_pos_
28,5,97.18314681190449,406980.0,0.09874701358809912,0.05,1.0,0.490890264578069,0.5,0.9823146063751876,,,-27.049228071560496,,LearningParams_Fit_alpha_neg-exp_neg_Fix_alpha_pos-beta-exp_pos_
29,6,97.18314681190449,406980.0,0.5214179030130407,0.05,1.0,0.5429556550821358,0.5,5.186956076380456,,,-29.918155658848843,,LearningParams_Fit_alpha_neg-exp_neg_Fix_alpha_pos-beta-exp_pos_
30,34,97.18314681190449,406980.0,0.48116630157685,0.05,1.0,0.3369266061360153,0.5,5.043171435893696,,,-26.18533370419453,,LearningParams_Fit_alpha_neg-exp_neg_Fix_alpha_pos-beta-exp_pos_
31,32,97.18314681190449,406980.0,0.2195743885928092,0.05,1.0,0.5603578574038403,0.5,1.7289043981888708,,,-24.639082740653855,,LearningParams_Fit_alpha_neg-exp_neg_Fix_alpha_pos-beta-exp_pos_
32,33,97.18314681190449,406980.0,0.7946126365927647,0.05,1.0,0.43207820327686,0.5,10.528059692829864,,,-32.53235571782247,,LearningParams_Fit_alpha_neg-exp_neg_Fix_alpha_pos-beta-exp_pos_
33,0,97.18314681190449,406980.0,0.9952456318465474,0.05,1.0,0.9889853335153671,0.5,5.392914373601228,,,-25.56903751473225,,LearningParams_Fit_alpha_neg-exp_neg_Fix_alpha_pos-beta-exp_pos_
34,30,97.18314681190449,406980.0,0.2252772622811263,0.05,1.0,0.5940994226124041,0.5,1.7738081935050811,,,-26.12270825957612,,LearningParams_Fit_alpha_neg-exp_neg_Fix_alpha_pos-beta-exp_pos_
35,29,97.18314681190449,406980.0,0.9922020785508484,0.05,1.0,0.7205288869735857,0.5,7.812489190986012,,,-31.681845143431268,,LearningParams_Fit_alpha_neg-exp_neg_Fix_alpha_pos-beta-exp_pos_
36,28,97.18314681190449,406980.0,0.8001320666695,0.05,1.0,0.4292007451030918,0.5,6.549509686355269,,,-27.46557379968886,,LearningParams_Fit_alpha_neg-exp_neg_Fix_alpha_pos-beta-exp_pos_
37,9,97.18314681190449,406980.0,0.7067723910305042,0.05,1.0,0.35838796770517206,0.5,9.364238094576065,,,-26.9840153054454,,LearningParams_Fit_alpha_neg-exp_neg_Fix_alpha_pos-beta-exp_pos_
38,10,97.18314681190449,406980.0,0.3222753508180448,0.05,1.0,0.6600876541726107,0.5,2.53756039139171,,,-29.02422820051909,,LearningParams_Fit_alpha_neg-exp_neg_Fix_alpha_pos-beta-exp_pos_
39,25,97.18314681190449,406980.0,0.3848208525077209,0.05,1.0,0.33987115762901743,0.5,5.098606188317334,,,-25.58983377166685,,LearningParams_Fit_alpha_neg-exp_neg_Fix_alpha_pos-beta-exp_pos_
40,12,97.18314681190449,406980.0,0.19437663129130567,0.05,1.0,0.4566108747941565,0.5,1.9336180114966863,,,-25.160351678348736,,LearningParams_Fit_alpha_neg-exp_neg_Fix_alpha_pos-beta-exp_pos_
41,7,97.18314681190449,406980.0,0.9453547647725916,0.05,1.0,0.9206082649759468,0.5,5.792952128517859,,,-29.578226541538196,,LearningParams_Fit_alpha_neg-exp_neg_Fix_alpha_pos-beta-exp_pos_
42,13,97.18314681190449,406980.0,0.5765397489995486,0.05,1.0,0.7473748692043203,0.5,4.539610080046773,,,-32.862270060647056,,LearningParams_Fit_alpha_neg-exp_neg_Fix_alpha_pos-beta-exp_pos_
43,22,97.18314681190449,406980.0,0.2719614571090152,0.05,1.0,0.8076175421316094,0.5,1.6665274884540278,,,-25.947947165902587,,LearningParams_Fit_alpha_neg-exp_neg_Fix_alpha_pos-beta-exp_pos_
44,14,97.18314681190449,406980.0,0.5695646372555647,0.05,1.0,0.5688100749140087,0.5,5.665909703200924,,,-31.342796050304624,,LearningParams_Fit_alpha_neg-exp_neg_Fix_alpha_pos-beta-exp_pos_
45,20,97.18314681190449,406980.0,0.5674859329682205,0.05,1.0,0.9399250047099332,0.5,3.4774446226894247,,,-30.198854147907486,,LearningParams_Fit_alpha_neg-exp_neg_Fix_alpha_pos-beta-exp_pos_
46,19,97.18314681190449,406980.0,0.1379306316165343,0.05,1.0,0.9901868015871684,0.5,0.7474015077309011,,,-25.600100040292233,,LearningParams_Fit_alpha_neg-exp_neg_Fix_alpha_pos-beta-exp_pos_
47,17,239.06347704389717,406980.0,0.9324116870888576,0.05,1.0,0.5093665956315314,0.5,1.2721448554755541,,,-0.5868322313486638,,LearningParams_Fit_alpha_neg-exp_neg_Fix_alpha_pos-beta-exp_pos_
48,47,239.18154649920336,406980.0,0.8536620611612387,0.05,1.0,0.2520099154112371,0.5,1.2420636258436182,,,-0.5637402073709636,,LearningParams_Fit_alpha_neg-exp_neg_Fix_alpha_pos-beta-exp_pos_
49,41,260.0571987736676,406980.0,0.96721286782279,0.05,1.0,0.2411529142775184,0.5,1.6290405702130801,,,-0.6359426562362889,,LearningParams_Fit_alpha_neg-exp_neg_Fix_alpha_pos-beta-exp_pos_
0,23,78.59713501207031,200148.0,0.08554228846422274,0.05,1.0,0.04531175316266512,0.5,0.002745526266972329,,,1.0010844025839778,,LearningParams_Fit_alpha_neg-exp_neg_Fix_alpha_pos-beta-exp_pos_
1,9,78.59713501207095,200148.0,0.829317645684904,0.05,1.0,0.19608676671032052,0.5,0.00274552747761944,,,1.0010843219203074,,LearningParams_Fit_alpha_neg-exp_neg_Fix_alpha_pos-beta-exp_pos_
2,48,78.59713501207119,200148.0,0.2790990502189909,0.05,1.0,0.15449638762800103,0.5,0.0027455193039571365,,,1.0010848239133412,,LearningParams_Fit_alpha_neg-exp_neg_Fix_alpha_pos-beta-exp_pos_
3,49,78.59713501207132,200148.0,0.1269633694218446,0.05,1.0,0.36774976116527736,0.5,0.0027455260970266327,,,1.0010843746089149,,LearningParams_Fit_alpha_neg-exp_neg_Fix_alpha_pos-beta-exp_pos_
4,26,78.59713501207163,200148.0,0.7398921889964964,0.05,1.0,0.28259558997294554,0.5,0.002745526567847069,,,1.0010843426940896,,LearningParams_Fit_alpha_neg-exp_neg_Fix_alpha_pos-beta-exp_pos_
5,34,78.59713501207175,200148.0,0.7714732715600733,0.05,1.0,0.036094963890118126,0.5,0.002745528387798369,,,1.001084273444433,,LearningParams_Fit_alpha_neg-exp_neg_Fix_alpha_pos-beta-exp_pos_
6,13,78.59713501207193,200148.0,0.9961771549455556,0.05,1.0,0.16290166065430922,0.5,0.002745520950351213,,,1.0010847690842244,,LearningParams_Fit_alpha_neg-exp_neg_Fix_alpha_pos-beta-exp_pos_
7,41,78.59713501207204,200148.0,0.21443469343942145,0.05,1.0,0.008101559906190325,0.5,0.0027455242116381875,,,1.0010844755045092,,LearningParams_Fit_alpha_neg-exp_neg_Fix_alpha_pos-beta-exp_pos_
8,35,78.59713501207251,200148.0,0.5300015638288297,0.05,1.0,0.19234075458805025,0.5,0.0027455282987664084,,,1.0010843011058084,,LearningParams_Fit_alpha_neg-exp_neg_Fix_alpha_pos-beta-exp_pos_
9,3,78.59713501207332,200148.0,0.040383351567909516,0.05,1.0,0.8946075763860463,0.5,0.002745527052874987,,,1.0010842963390796,,LearningParams_Fit_alpha_neg-exp_neg_Fix_alpha_pos-beta-exp_pos_
10,0,78.59713501207364,200148.0,0.8125989821158505,0.05,1.0,0.2517631780987252,0.5,0.0027455222804642788,,,1.0010845810516258,,LearningParams_Fit_alpha_neg-exp_neg_Fix_alpha_pos-beta-exp_pos_
11,18,78.59713501207393,200148.0,0.0026225321306899696,0.05,1.0,0.6949057918999404,0.5,0.002745527444714985,,,1.0010842673784408,,LearningParams_Fit_alpha_neg-exp_neg_Fix_alpha_pos-beta-exp_pos_
12,42,78.59713501207398,200148.0,0.5324259021296384,0.05,1.0,0.27857455366094463,0.5,0.00274552564440916,,,1.0010845003126043,,LearningParams_Fit_alpha_neg-exp_neg_Fix_alpha_pos-beta-exp_pos_
13,2,78.59713501207413,200148.0,0.9781668071205416,0.05,1.0,0.12748709050584905,0.5,0.002745519590357457,,,1.0010847550962167,,LearningParams_Fit_alpha_neg-exp_neg_Fix_alpha_pos-beta-exp_pos_
14,27,78.59713501207465,200148.0,0.5402280144755631,0.05,1.0,0.07206062912091837,0.5,0.0027455217384541146,,,1.0010846081211644,,LearningParams_Fit_alpha_neg-exp_neg_Fix_alpha_pos-beta-exp_pos_
15,17,78.59713501207499,200148.0,0.14644559766002166,0.05,1.0,0.12391902139477827,0.5,0.0027455229049547737,,,1.0010845308478526,,LearningParams_Fit_alpha_neg-exp_neg_Fix_alpha_pos-beta-exp_pos_
16,25,78.59713501207648,200148.0,0.25406973826753354,0.05,1.0,0.17910203067170227,0.5,0.0027455230716616013,,,1.0010846803290552,,LearningParams_Fit_alpha_neg-exp_neg_Fix_alpha_pos-beta-exp_pos_
17,19,78.59713501207732,200148.0,0.9640977417190766,0.05,1.0,0.11783045190232165,0.5,0.002745519423984941,,,1.0010849019472978,,LearningParams_Fit_alpha_neg-exp_neg_Fix_alpha_pos-beta-exp_pos_
18,14,78.59713501207807,200148.0,0.4623347430841889,0.05,1.0,0.2311751335122232,0.5,0.002745525841209361,,,1.0010845152672274,,LearningParams_Fit_alpha_neg-exp_neg_Fix_alpha_pos-beta-exp_pos_
19,37,78.59713501207834,200148.0,0.7863695282964117,0.05,1.0,0.10216343577384923,0.5,0.002745516088772555,,,1.0010849653380196,,LearningParams_Fit_alpha_neg-exp_neg_Fix_alpha_pos-beta-exp_pos_
20,31,78.5971350120786,200148.0,0.005193919703331607,0.05,1.0,0.2609253827390826,0.5,0.00274552722413105,,,1.00108442830143,,LearningParams_Fit_alpha_neg-exp_neg_Fix_alpha_pos-beta-exp_pos_
21,4,78.59713501208651,200148.0,0.4500054590854972,0.05,1.0,0.1576972207255556,0.5,0.0027455154503659464,,,1.001084959636087,,LearningParams_Fit_alpha_neg-exp_neg_Fix_alpha_pos-beta-exp_pos_
22,29,78.59713501208684,200148.0,0.25273046524759524,0.05,1.0,0.3009782395899022,0.5,0.0027455239266860067,,,1.0010846770325403,,LearningParams_Fit_alpha_neg-exp_neg_Fix_alpha_pos-beta-exp_pos_
23,30,78.59713501208694,200148.0,0.05436608392469755,0.05,1.0,0.6968661426787037,0.5,0.002745518219454877,,,1.0010847716861229,,LearningParams_Fit_alpha_neg-exp_neg_Fix_alpha_pos-beta-exp_pos_
24,44,104.3094725533437,200148.0,0.20278979534536226,0.05,1.0,0.4272171009547712,0.5,-39779049.09605666,,,-10.445335754475954,,LearningParams_Fit_alpha_neg-exp_neg_Fix_alpha_pos-beta-exp_pos_
25,39,108.54727677491276,200148.0,0.3646500880879797,0.05,1.0,0.4978286281383937,0.5,3.627462692076596,,,-27.431548504311227,,LearningParams_Fit_alpha_neg-exp_neg_Fix_alpha_pos-beta-exp_pos_
26,43,108.54727677491276,200148.0,0.35668272656973754,0.05,1.0,0.4179064140303396,0.5,3.5482050486375725,,,-23.027643286816314,,LearningParams_Fit_alpha_neg-exp_neg_Fix_alpha_pos-beta-exp_pos_
27,38,108.54727677491276,200148.0,0.3820760252159643,0.05,1.0,0.5968638720492757,0.5,3.0084242733035924,,,-26.24426183022294,,LearningParams_Fit_alpha_neg-exp_neg_Fix_alpha_pos-beta-exp_pos_
28,45,108.54727677491276,200148.0,0.8411390520690294,0.05,1.0,0.9748649368567932,0.5,5.600433593802839,,,-27.029082390894533,,LearningParams_Fit_alpha_neg-exp_neg_Fix_alpha_pos-beta-exp_pos_
29,46,108.54727677491276,200148.0,0.11172210433475448,0.05,1.0,0.6172611539341932,0.5,0.8796874662712695,,,-27.14113569289234,,LearningParams_Fit_alpha_neg-exp_neg_Fix_alpha_pos-beta-exp_pos_
30,36,108.54727677491276,200148.0,0.2449466706734019,0.05,1.0,0.4052190895691349,0.5,3.2453714573019363,,,-30.510059210434882,,LearningParams_Fit_alpha_neg-exp_neg_Fix_alpha_pos-beta-exp_pos_
31,47,108.54727677491276,200148.0,0.7016905001175561,0.05,1.0,0.5629025343070747,0.5,4.2697250211988615,,,-28.896359726470987,,LearningParams_Fit_alpha_neg-exp_neg_Fix_alpha_pos-beta-exp_pos_
32,40,108.54727677491276,200148.0,0.9058883181586009,0.05,1.0,0.7237377110247369,0.5,4.335259475718933,,,-27.101432887485934,,LearningParams_Fit_alpha_neg-exp_neg_Fix_alpha_pos-beta-exp_pos_
33,1,108.54727677491276,200148.0,0.29358694033397703,0.05,1.0,0.6927393288057365,0.5,2.3116710270591216,,,-30.45993094346603,,LearningParams_Fit_alpha_neg-exp_neg_Fix_alpha_pos-beta-exp_pos_
34,11,108.54727677491276,200148.0,0.7593208508619957,0.05,1.0,0.8667196510745303,0.5,4.652972093801479,,,-27.8468390549971,,LearningParams_Fit_alpha_neg-exp_neg_Fix_alpha_pos-beta-exp_pos_
35,32,108.54727677491276,200148.0,0.3688827143432895,0.05,1.0,0.6741027880396823,0.5,2.9045416058366897,,,-29.640477332050942,,LearningParams_Fit_alpha_neg-exp_neg_Fix_alpha_pos-beta-exp_pos_
36,10,108.54727677491276,200148.0,0.39526286891117146,0.05,1.0,0.4430047428664696,0.5,3.931992223165301,,,-24.410621255399533,,LearningParams_Fit_alpha_neg-exp_neg_Fix_alpha_pos-beta-exp_pos_
37,28,108.54727677491276,200148.0,0.3559240546467507,0.05,1.0,0.6263591579774856,0.5,2.8025065557218847,,,-27.541177329563624,,LearningParams_Fit_alpha_neg-exp_neg_Fix_alpha_pos-beta-exp_pos_
38,5,108.54727677491276,200148.0,0.3014017105618103,0.05,1.0,0.4335409808155283,0.5,2.9982810812519918,,,-23.889145323602552,,LearningParams_Fit_alpha_neg-exp_neg_Fix_alpha_pos-beta-exp_pos_
39,7,108.54727677491276,200148.0,0.15906405896038878,0.05,1.0,0.8717522080477237,0.5,0.8619167192919839,,,-22.53811472804487,,LearningParams_Fit_alpha_neg-exp_neg_Fix_alpha_pos-beta-exp_pos_
40,22,108.54727677491276,200148.0,0.3758671862548274,0.05,1.0,0.3857281099421324,0.5,4.979976395083517,,,-29.042529773157906,,LearningParams_Fit_alpha_neg-exp_neg_Fix_alpha_pos-beta-exp_pos_
41,21,108.54727677491276,200148.0,0.3772586975124095,0.05,1.0,0.9064726963067141,0.5,2.0442429358931284,,,-23.435771585774297,,LearningParams_Fit_alpha_neg-exp_neg_Fix_alpha_pos-beta-exp_pos_
42,20,108.54727677491276,200148.0,0.15678240375784092,0.05,1.0,0.7166650753402379,0.5,0.9607324079882532,,,-23.02573500507945,,LearningParams_Fit_alpha_neg-exp_neg_Fix_alpha_pos-beta-exp_pos_
43,16,108.54727677491276,200148.0,0.8229334919424036,0.05,1.0,0.3931322049049941,0.5,8.625281252247868,,,-30.553532394967185,,LearningParams_Fit_alpha_neg-exp_neg_Fix_alpha_pos-beta-exp_pos_
44,8,108.54727677491276,200148.0,0.1534101650341957,0.05,1.0,0.5177537228073347,0.5,1.207934635520528,,,-22.765767708933417,,LearningParams_Fit_alpha_neg-exp_neg_Fix_alpha_pos-beta-exp_pos_
45,12,108.54727677491276,200148.0,0.2403965156043172,0.05,1.0,0.5193543277887366,0.5,1.8928555183561548,,,-22.836146732000106,,LearningParams_Fit_alpha_neg-exp_neg_Fix_alpha_pos-beta-exp_pos_
46,33,108.54727677491276,200148.0,0.7453338462672132,0.05,1.0,0.472989360387773,0.5,4.535290946678309,,,-24.280705577890608,,LearningParams_Fit_alpha_neg-exp_neg_Fix_alpha_pos-beta-exp_pos_
47,24,108.54727677491276,200148.0,0.6426961628788871,0.05,1.0,0.7385092298698253,0.5,3.9383184424264703,,,-23.72756593128922,,LearningParams_Fit_alpha_neg-exp_neg_Fix_alpha_pos-beta-exp_pos_
48,15,248.12930851854858,200148.0,0.8185772261143838,0.05,1.0,0.7517716565837357,0.5,1.1558861027929417,,,-0.9095804903643212,,LearningParams_Fit_alpha_neg-exp_neg_Fix_alpha_pos-beta-exp_pos_
49,6,267.0234998209474,200148.0,0.8354681278467488,0.05,1.0,0.3741613797556839,0.5,1.2306175505747765,,,-0.6446918333788461,,LearningParams_Fit_alpha_neg-exp_neg_Fix_alpha_pos-beta-exp_pos_
0,40,88.36560506905359,100110.0,0.7659083343103491,0.05,1.0,0.4076060959018233,0.5,0.2745577385278779,,,-0.0054602815056259925,,LearningParams_Fit_alpha_neg-exp_neg_Fix_alpha_pos-beta-exp_pos_
1,28,88.36560506905472,100110.0,0.2561109210668139,0.05,1.0,0.0030378340858987496,0.5,0.27455769792080553,,,-0.0054602451726179155,,LearningParams_Fit_alpha_neg-exp_neg_Fix_alpha_pos-beta-exp_pos_
2,25,88.36560506905481,100110.0,0.7712590884978279,0.05,1.0,0.2823760205613006,0.5,0.27455778089870364,,,-0.005460430844914,,LearningParams_Fit_alpha_neg-exp_neg_Fix_alpha_pos-beta-exp_pos_
3,6,88.36560506905595,100110.0,0.18295841094174406,0.05,1.0,0.2648265602000296,0.5,0.2745580417912639,,,-0.005460669560478578,,LearningParams_Fit_alpha_neg-exp_neg_Fix_alpha_pos-beta-exp_pos_
4,42,88.36560506905609,100110.0,0.10719334691729833,0.05,1.0,0.2552687741595674,0.5,0.27455767499720085,,,-0.0054601930831555895,,LearningParams_Fit_alpha_neg-exp_neg_Fix_alpha_pos-beta-exp_pos_
5,8,88.36560506905613,100110.0,0.8369250086785975,0.05,1.0,0.2562106978939006,0.5,0.2745576571089966,,,-0.00546021048302818,,LearningParams_Fit_alpha_neg-exp_neg_Fix_alpha_pos-beta-exp_pos_
6,1,88.36560506905691,100110.0,0.4776258207002853,0.05,1.0,0.9122990136960016,0.5,0.2745576661549968,,,-0.005460296624464178,,LearningParams_Fit_alpha_neg-exp_neg_Fix_alpha_pos-beta-exp_pos_
7,9,88.36560506905707,100110.0,0.96078534310993,0.05,1.0,0.7951924699747512,0.5,0.2745576691549818,,,-0.0054601647186308215,,LearningParams_Fit_alpha_neg-exp_neg_Fix_alpha_pos-beta-exp_pos_
8,17,88.36560506905724,100110.0,0.12564988109462838,0.05,1.0,0.951046481546436,0.5,0.2745579144483333,,,-0.005460349882287971,,LearningParams_Fit_alpha_neg-exp_neg_Fix_alpha_pos-beta-exp_pos_
9,49,88.36560506905741,100110.0,0.079023852623334,0.05,1.0,0.4509508239652929,0.5,0.2745580797257322,,,-0.005460579152929015,,LearningParams_Fit_alpha_neg-exp_neg_Fix_alpha_pos-beta-exp_pos_
10,14,88.36560506905752,100110.0,0.6390538099932389,0.05,1.0,0.00901745919055974,0.5,0.2745580662442526,,,-0.005460552878535536,,LearningParams_Fit_alpha_neg-exp_neg_Fix_alpha_pos-beta-exp_pos_
11,15,88.36560506905771,100110.0,0.7201044278722871,0.05,1.0,0.5056179527627346,0.5,0.274557791242146,,,-0.005460224981957434,,LearningParams_Fit_alpha_neg-exp_neg_Fix_alpha_pos-beta-exp_pos_
12,18,88.36560506905779,100110.0,0.6730413459468632,0.05,1.0,0.7062474470341026,0.5,0.2745579032432541,,,-0.0054603294750097476,,LearningParams_Fit_alpha_neg-exp_neg_Fix_alpha_pos-beta-exp_pos_
13,34,88.36560506905798,100110.0,0.1486073976730461,0.05,1.0,0.3173601168940098,0.5,0.2745581131819995,,,-0.005460646969361889,,LearningParams_Fit_alpha_neg-exp_neg_Fix_alpha_pos-beta-exp_pos_
14,32,88.36560506905847,100110.0,0.4225378622127256,0.05,1.0,0.09352636328577624,0.5,0.27455813083910297,,,-0.005460693371059154,,LearningParams_Fit_alpha_neg-exp_neg_Fix_alpha_pos-beta-exp_pos_
15,0,88.36560506905847,100110.0,0.8392320479256904,0.05,1.0,0.04906796120823687,0.5,0.274557628007334,,,-0.005460131196971576,,LearningParams_Fit_alpha_neg-exp_neg_Fix_alpha_pos-beta-exp_pos_
16,46,88.36560506905859,100110.0,0.5278502339334952,0.05,1.0,0.3440751292392382,0.5,0.27455809966664513,,,-0.0054607365229152,,LearningParams_Fit_alpha_neg-exp_neg_Fix_alpha_pos-beta-exp_pos_
17,33,88.36560506905869,100110.0,0.8173281749210065,0.05,1.0,0.9988768937229352,0.5,0.2745578808318847,,,-0.005460295941684465,,LearningParams_Fit_alpha_neg-exp_neg_Fix_alpha_pos-beta-exp_pos_
18,31,88.36560506905874,100110.0,0.3828743436202373,0.05,1.0,0.13909286290708522,0.5,0.2745580757332,,,-0.005460545051892499,,LearningParams_Fit_alpha_neg-exp_neg_Fix_alpha_pos-beta-exp_pos_
19,41,88.36560506905926,100110.0,0.7983111090835139,0.05,1.0,0.2619849211418261,0.5,0.2745579954211181,,,-0.0054607013766530856,,LearningParams_Fit_alpha_neg-exp_neg_Fix_alpha_pos-beta-exp_pos_
20,30,88.36560506905931,100110.0,0.6877760215787578,0.05,1.0,0.8492162489140231,0.5,0.2745575882314707,,,-0.005460152453632855,,LearningParams_Fit_alpha_neg-exp_neg_Fix_alpha_pos-beta-exp_pos_
21,37,88.36560506905994,100110.0,0.6585464830840273,0.05,1.0,0.2729069617860641,0.5,0.2745579876627177,,,-0.005460701806649358,,LearningParams_Fit_alpha_neg-exp_neg_Fix_alpha_pos-beta-exp_pos_
22,2,88.36560506906004,100110.0,0.2978068565535653,0.05,1.0,0.4525581982933128,0.5,0.27455767837333944,,,-0.005460117897767126,,LearningParams_Fit_alpha_neg-exp_neg_Fix_alpha_pos-beta-exp_pos_
23,38,88.36560506906021,100110.0,0.8239823104838676,0.05,1.0,0.3961728978519535,0.5,0.27455757147482684,,,-0.005460159403138593,,LearningParams_Fit_alpha_neg-exp_neg_Fix_alpha_pos-beta-exp_pos_
24,21,88.36560506906041,100110.0,0.5426119475854622,0.05,1.0,0.2198238731386507,0.5,0.27455803471741586,,,-0.005460740291138711,,LearningParams_Fit_alpha_neg-exp_neg_Fix_alpha_pos-beta-exp_pos_
25,24,88.36560506906235,100110.0,0.04859688399930595,0.05,1.0,0.31980637024279623,0.5,0.27455814373854953,,,-0.005460813109991195,,LearningParams_Fit_alpha_neg-exp_neg_Fix_alpha_pos-beta-exp_pos_
26,12,88.36560506906271,100110.0,0.5619209179175884,0.05,1.0,0.9112992858648958,0.5,0.2745581158821556,,,-0.005460552293155582,,LearningParams_Fit_alpha_neg-exp_neg_Fix_alpha_pos-beta-exp_pos_
27,29,88.36560506906345,100110.0,0.19682754575636507,0.05,1.0,0.3871567547695508,0.5,0.2745580593968056,,,-0.005460459863387206,,LearningParams_Fit_alpha_neg-exp_neg_Fix_alpha_pos-beta-exp_pos_
28,44,88.36560506906366,100110.0,0.8328042457840819,0.05,1.0,0.1163656036838907,0.5,0.2745581777014803,,,-0.005460837299445518,,LearningParams_Fit_alpha_neg-exp_neg_Fix_alpha_pos-beta-exp_pos_
29,4,88.36560506906399,100110.0,0.21241295225002987,0.05,1.0,0.6379818865152073,0.5,0.2745576889865905,,,-0.005460431013663779,,LearningParams_Fit_alpha_neg-exp_neg_Fix_alpha_pos-beta-exp_pos_
30,16,88.36560506906494,100110.0,0.7887015024999731,0.05,1.0,0.10649714042534196,0.5,0.2745577780288566,,,-0.005460547786012379,,LearningParams_Fit_alpha_neg-exp_neg_Fix_alpha_pos-beta-exp_pos_
31,22,88.36560506906531,100110.0,0.7268367600454053,0.05,1.0,0.6094727207947347,0.5,0.27455821660864643,,,-0.005460864327062886,,LearningParams_Fit_alpha_neg-exp_neg_Fix_alpha_pos-beta-exp_pos_
32,10,88.36560506906561,100110.0,0.041105044696376665,0.05,1.0,0.549489382123474,0.5,0.2745581676049847,,,-0.005460598348210661,,LearningParams_Fit_alpha_neg-exp_neg_Fix_alpha_pos-beta-exp_pos_
33,39,88.36560506906652,100110.0,0.07551288650869648,0.05,1.0,0.7950127637917322,0.5,0.2745579690720261,,,-0.0054607490755676094,,LearningParams_Fit_alpha_neg-exp_neg_Fix_alpha_pos-beta-exp_pos_
34,3,88.36560506906834,100110.0,0.30254430540532,0.05,1.0,0.3503902604036964,0.5,0.27455769428050164,,,-0.005460476078331647,,LearningParams_Fit_alpha_neg-exp_neg_Fix_alpha_pos-beta-exp_pos_
35,36,88.36560506906851,100110.0,0.7879040515630816,0.05,1.0,0.962889764322402,0.5,0.2745578621756488,,,-0.005460664990340688,,LearningParams_Fit_alpha_neg-exp_neg_Fix_alpha_pos-beta-exp_pos_
36,35,88.36560506906899,100110.0,0.4826145188289961,0.05,1.0,0.5590772566466379,0.5,0.2745582441672043,,,-0.0054609221225280094,,LearningParams_Fit_alpha_neg-exp_neg_Fix_alpha_pos-beta-exp_pos_
37,7,88.36560506906989,100110.0,0.360449201971069,0.05,1.0,0.7707776553325566,0.5,0.2745574497849929,,,-0.005459938161491597,,LearningParams_Fit_alpha_neg-exp_neg_Fix_alpha_pos-beta-exp_pos_
38,23,88.36560506907128,100110.0,0.2712354365690777,0.05,1.0,0.06308060597623287,0.5,0.27455785695584833,,,-0.005460166234154807,,LearningParams_Fit_alpha_neg-exp_neg_Fix_alpha_pos-beta-exp_pos_
39,20,88.36560506907173,100110.0,0.1320959211978362,0.05,1.0,0.05852455768089215,0.5,0.2745579611134831,,,-0.005460273337673058,,LearningParams_Fit_alpha_neg-exp_neg_Fix_alpha_pos-beta-exp_pos_
40,45,88.36560506907215,100110.0,0.478632921267101,0.05,1.0,0.8153573471831949,0.5,0.2745577738647242,,,-0.0054605957472408295,,LearningParams_Fit_alpha_neg-exp_neg_Fix_alpha_pos-beta-exp_pos_
41,48,88.36560506907514,100110.0,0.7765792125480199,0.05,1.0,0.12151549416945928,0.5,0.2745576259612013,,,-0.005460439022514666,,LearningParams_Fit_alpha_neg-exp_neg_Fix_alpha_pos-beta-exp_pos_
42,26,88.36560506907824,100110.0,0.032831833327572,0.05,1.0,0.4661610825376805,0.5,0.27455819773210266,,,-0.005460527333382663,,LearningParams_Fit_alpha_neg-exp_neg_Fix_alpha_pos-beta-exp_pos_
43,11,88.36560506908218,100110.0,0.9451692410850978,0.05,1.0,0.1332852580782936,0.5,0.2745581479618115,,,-0.00546043319187617,,LearningParams_Fit_alpha_neg-exp_neg_Fix_alpha_pos-beta-exp_pos_
44,27,88.36560506908351,100110.0,0.7091700553310106,0.05,1.0,0.954929403299011,0.5,0.2745581646668317,,,-0.005460446507815126,,LearningParams_Fit_alpha_neg-exp_neg_Fix_alpha_pos-beta-exp_pos_
45,13,88.36560506908573,100110.0,0.5251555243660155,0.05,1.0,0.7600625545017797,0.5,0.2745574352523345,,,-0.005460239825047631,,LearningParams_Fit_alpha_neg-exp_neg_Fix_alpha_pos-beta-exp_pos_
46,47,88.36560506908917,100110.0,0.026049818870819363,0.05,1.0,0.9999288063325528,0.5,0.27455746109180457,,,-0.005460302365490445,,LearningParams_Fit_alpha_neg-exp_neg_Fix_alpha_pos-beta-exp_pos_
47,5,88.36560506909004,100110.0,0.23710284948919325,0.05,1.0,0.6943771947980147,0.5,0.27455827406405936,,,-0.005460559464402649,,LearningParams_Fit_alpha_neg-exp_neg_Fix_alpha_pos-beta-exp_pos_
48,43,88.36560506909625,100110.0,0.1894553623876204,0.05,1.0,0.3743952404893024,0.5,0.2745576422841939,,,-0.005460576436859357,,LearningParams_Fit_alpha_neg-exp_neg_Fix_alpha_pos-beta-exp_pos_
49,19,88.36560506914007,100110.0,0.462458342429745,0.05,1.0,0.9505897451950942,0.5,0.2745575785807931,,,-0.005459621595160588,,LearningParams_Fit_alpha_neg-exp_neg_Fix_alpha_pos-beta-exp_pos_
0,21,64.52205898720652,100152.0,0.06268807338466942,0.05,1.0,0.9078148775540996,0.5,0.006270356883190982,,,0.900234612620532,,LearningParams_Fit_alpha_neg-exp_neg_Fix_alpha_pos-beta-exp_pos_
1,48,64.52205898720702,100152.0,0.0264760635895519,0.05,1.0,0.2908517658146683,0.5,0.006270342907299482,,,0.9002350167786646,,LearningParams_Fit_alpha_neg-exp_neg_Fix_alpha_pos-beta-exp_pos_
2,7,64.52205898720713,100152.0,0.2644536111868445,0.05,1.0,0.24175035563742664,0.5,0.006270357697190602,,,0.900234588191093,,LearningParams_Fit_alpha_neg-exp_neg_Fix_alpha_pos-beta-exp_pos_
3,29,64.52205898720719,100152.0,0.02442156762210801,0.05,1.0,0.010969498508773934,0.5,0.006270343660665358,,,0.9002350184677421,,LearningParams_Fit_alpha_neg-exp_neg_Fix_alpha_pos-beta-exp_pos_
4,33,64.5220589872073,100152.0,0.6012633647438765,0.05,1.0,0.2601014524841897,0.5,0.00627034537908836,,,0.9002349124955777,,LearningParams_Fit_alpha_neg-exp_neg_Fix_alpha_pos-beta-exp_pos_
5,23,64.5220589872082,100152.0,0.18357796075262112,0.05,1.0,0.08741476120183211,0.5,0.006270341285698578,,,0.9002350615616845,,LearningParams_Fit_alpha_neg-exp_neg_Fix_alpha_pos-beta-exp_pos_
6,44,64.52205898720845,100152.0,0.37983300254579344,0.05,1.0,0.20173070458099174,0.5,0.006270357020984343,,,0.90023467604254,,LearningParams_Fit_alpha_neg-exp_neg_Fix_alpha_pos-beta-exp_pos_
7,32,64.52205898720851,100152.0,0.0154822456706597,0.05,1.0,0.011410220694733741,0.5,0.00627035287056045,,,0.9002346888208079,,LearningParams_Fit_alpha_neg-exp_neg_Fix_alpha_pos-beta-exp_pos_
8,0,64.52205898720915,100152.0,0.26353297181233337,0.05,1.0,0.061310423664507674,0.5,0.006270361748744757,,,0.9002345053293834,,LearningParams_Fit_alpha_neg-exp_neg_Fix_alpha_pos-beta-exp_pos_
9,37,64.52205898720982,100152.0,0.7682249299154313,0.05,1.0,0.042858778303114575,0.5,0.006270340063079852,,,0.9002350670466487,,LearningParams_Fit_alpha_neg-exp_neg_Fix_alpha_pos-beta-exp_pos_
10,34,64.52205898721012,100152.0,0.23284662863552674,0.05,1.0,0.11555122724824418,0.5,0.006270338781938844,,,0.900235136740061,,LearningParams_Fit_alpha_neg-exp_neg_Fix_alpha_pos-beta-exp_pos_
11,5,64.52205898721054,100152.0,0.01062169717057293,0.05,1.0,0.6004825314232108,0.5,0.006270338873346043,,,0.9002351461573955,,LearningParams_Fit_alpha_neg-exp_neg_Fix_alpha_pos-beta-exp_pos_
12,27,64.52205898721115,100152.0,0.0548366657510212,0.05,1.0,0.26587798809137897,0.5,0.006270340075760682,,,0.9002351353026105,,LearningParams_Fit_alpha_neg-exp_neg_Fix_alpha_pos-beta-exp_pos_
13,15,64.52205898721249,100152.0,0.8924341636191909,0.05,1.0,0.01579204052896055,0.5,0.0062703364716312346,,,0.9002351880573474,,LearningParams_Fit_alpha_neg-exp_neg_Fix_alpha_pos-beta-exp_pos_
14,10,64.52205898721297,100152.0,0.934782016903788,0.05,1.0,0.1962146364132236,0.5,0.006270364879578978,,,0.9002344454468771,,LearningParams_Fit_alpha_neg-exp_neg_Fix_alpha_pos-beta-exp_pos_
15,43,64.52205898721418,100152.0,0.7820701169791605,0.05,1.0,0.2365042136701223,0.5,0.006270349459972671,,,0.9002349265237175,,LearningParams_Fit_alpha_neg-exp_neg_Fix_alpha_pos-beta-exp_pos_
16,35,64.5220589872192,100152.0,0.7416365451316481,0.05,1.0,0.18003098538483409,0.5,0.006270348015300676,,,0.9002349855733882,,LearningParams_Fit_alpha_neg-exp_neg_Fix_alpha_pos-beta-exp_pos_
17,22,64.52205898722237,100152.0,0.1975266220726466,0.05,1.0,0.2299772984218925,0.5,0.006270350388573038,,,0.9002349335201983,,LearningParams_Fit_alpha_neg-exp_neg_Fix_alpha_pos-beta-exp_pos_
18,11,64.52205898722394,100152.0,0.6869491069318696,0.05,1.0,0.1500233710473544,0.5,0.0062703547803559965,,,0.9002348179554294,,LearningParams_Fit_alpha_neg-exp_neg_Fix_alpha_pos-beta-exp_pos_
19,18,64.52205898722787,100152.0,0.9806714472711364,0.05,1.0,0.1691021720626409,0.5,0.006270329735881496,,,0.9002353004582503,,LearningParams_Fit_alpha_neg-exp_neg_Fix_alpha_pos-beta-exp_pos_
20,47,109.08722078489504,100152.0,0.356423275076991,0.05,1.0,0.4698515499525895,0.5,3.5456240795357297,,,-25.88994455892809,,LearningParams_Fit_alpha_neg-exp_neg_Fix_alpha_pos-beta-exp_pos_
21,46,109.08722078489504,100152.0,0.2638005599359814,0.05,1.0,0.6289669501094208,0.5,2.0771363693231297,,,-27.65584263720634,,LearningParams_Fit_alpha_neg-exp_neg_Fix_alpha_pos-beta-exp_pos_
22,45,109.08722078489504,100152.0,0.33533841860158786,0.05,1.0,0.970242300254716,0.5,1.817090494878022,,,-25.08445872034513,,LearningParams_Fit_alpha_neg-exp_neg_Fix_alpha_pos-beta-exp_pos_
23,41,109.08722078489504,100152.0,0.8345469911967877,0.05,1.0,0.865801685185978,0.5,3.4636145096553523,,,-24.83531841728983,,LearningParams_Fit_alpha_neg-exp_neg_Fix_alpha_pos-beta-exp_pos_
24,36,109.08722078489504,100152.0,0.7474106943259731,0.05,1.0,0.6437947038631413,0.5,3.176734947109887,,,-24.946376774820877,,LearningParams_Fit_alpha_neg-exp_neg_Fix_alpha_pos-beta-exp_pos_
25,31,109.08722078489504,100152.0,0.8659084980169305,0.05,1.0,0.360842333663464,0.5,11.472679813828773,,,-27.16881126555467,,LearningParams_Fit_alpha_neg-exp_neg_Fix_alpha_pos-beta-exp_pos_
26,39,109.08722078489504,100152.0,0.2504233292350725,0.05,1.0,0.5218401477970829,0.5,1.9718055375143135,,,-22.945448893208017,,LearningParams_Fit_alpha_neg-exp_neg_Fix_alpha_pos-beta-exp_pos_
27,40,109.08722078489504,100152.0,0.8274699542520692,0.05,1.0,0.5607802448857867,0.5,6.515406703140391,,,-24.65765522960671,,LearningParams_Fit_alpha_neg-exp_neg_Fix_alpha_pos-beta-exp_pos_
28,42,109.08722078489504,100152.0,0.20333632450347186,0.05,1.0,0.7935551367098819,0.5,1.2460058781432672,,,-25.496136087176623,,LearningParams_Fit_alpha_neg-exp_neg_Fix_alpha_pos-beta-exp_pos_
29,38,109.08722078489504,100152.0,0.6867263244986009,0.05,1.0,0.7959334581297619,0.5,4.208126802185848,,,-25.572549185366192,,LearningParams_Fit_alpha_neg-exp_neg_Fix_alpha_pos-beta-exp_pos_
30,24,109.08722078489504,100152.0,0.49952469998379795,0.05,1.0,0.8468348217369248,0.5,3.0609912615339314,,,-27.20795929553432,,LearningParams_Fit_alpha_neg-exp_neg_Fix_alpha_pos-beta-exp_pos_
31,28,109.08722078489504,100152.0,0.9177732664129742,0.05,1.0,0.6941783451558116,0.5,7.2264449738904295,,,-30.52320487180679,,LearningParams_Fit_alpha_neg-exp_neg_Fix_alpha_pos-beta-exp_pos_
32,1,109.08722078489504,100152.0,0.6342765574111745,0.05,1.0,0.563536771917971,0.5,7.134604728487274,,,-27.363947808984488,,LearningParams_Fit_alpha_neg-exp_neg_Fix_alpha_pos-beta-exp_pos_
33,2,109.08722078489504,100152.0,0.2735819841435053,0.05,1.0,0.6267717326157596,0.5,2.154154219361597,,,-27.559318345192967,,LearningParams_Fit_alpha_neg-exp_neg_Fix_alpha_pos-beta-exp_pos_
34,3,109.08722078489504,100152.0,0.7606541740780066,0.05,1.0,0.8919982736563399,0.5,6.319632244802035,,,-26.214470359139852,,LearningParams_Fit_alpha_neg-exp_neg_Fix_alpha_pos-beta-exp_pos_
35,4,109.08722078489504,100152.0,0.9524137627807076,0.05,1.0,0.5859421859565991,0.5,5.795354038279843,,,-30.07909034404915,,LearningParams_Fit_alpha_neg-exp_neg_Fix_alpha_pos-beta-exp_pos_
36,6,109.08722078489504,100152.0,0.14541571051768865,0.05,1.0,0.9151179805727578,0.5,0.7879607308029919,,,-23.659285110427145,,LearningParams_Fit_alpha_neg-exp_neg_Fix_alpha_pos-beta-exp_pos_
37,8,109.08722078489504,100152.0,0.5600180025039169,0.05,1.0,0.7715987606775451,0.5,3.4316825815057053,,,-24.790699595866545,,LearningParams_Fit_alpha_neg-exp_neg_Fix_alpha_pos-beta-exp_pos_
38,9,109.08722078489504,100152.0,0.4118387035106497,0.05,1.0,0.8594418769354626,0.5,2.2316208106807816,,,-22.219845783742638,,LearningParams_Fit_alpha_neg-exp_neg_Fix_alpha_pos-beta-exp_pos_
39,30,109.08722078489504,100152.0,0.8657985282283882,0.05,1.0,0.3521473442410671,0.5,9.074555704526636,,,-27.368262268595533,,LearningParams_Fit_alpha_neg-exp_neg_Fix_alpha_pos-beta-exp_pos_
40,12,109.08722078489504,100152.0,0.25681964389545386,0.05,1.0,0.6566118333002311,0.5,2.0221694101836136,,,-28.871395440284424,,LearningParams_Fit_alpha_neg-exp_neg_Fix_alpha_pos-beta-exp_pos_
41,14,109.08722078489504,100152.0,0.1545846146947799,0.05,1.0,0.6588248021735921,0.5,1.2171821219721357,,,-28.968700265143728,,LearningParams_Fit_alpha_neg-exp_neg_Fix_alpha_pos-beta-exp_pos_
42,16,109.08722078489504,100152.0,0.13066684814269636,0.05,1.0,0.6157531833483845,0.5,0.30131213722593553,,,-21.545348202512322,,LearningParams_Fit_alpha_neg-exp_neg_Fix_alpha_pos-beta-exp_pos_
43,17,109.08722078489504,100152.0,0.3363990586171605,0.05,1.0,0.6155850190619183,0.5,2.6487689011324465,,,-27.067435600608803,,LearningParams_Fit_alpha_neg-exp_neg_Fix_alpha_pos-beta-exp_pos_
44,19,109.08722078489504,100152.0,0.14476687732254034,0.05,1.0,0.6905767133563274,0.5,0.8871035735734939,,,-22.18754192099073,,LearningParams_Fit_alpha_neg-exp_neg_Fix_alpha_pos-beta-exp_pos_
45,25,109.08722078489504,100152.0,0.6983383158472204,0.05,1.0,0.8393699085523282,0.5,4.649644258330542,,,-23.272350411789642,,LearningParams_Fit_alpha_neg-exp_neg_Fix_alpha_pos-beta-exp_pos_
46,26,109.08722078489504,100152.0,0.7308580705152413,0.05,1.0,0.8006202930741294,0.5,4.478557651586245,,,-25.723132523601798,,LearningParams_Fit_alpha_neg-exp_neg_Fix_alpha_pos-beta-exp_pos_
47,13,109.08722078489504,100152.0,0.5475708955155734,0.05,1.0,0.3991197329591587,0.5,7.254930023217045,,,-30.050821883995372,,LearningParams_Fit_alpha_neg-exp_neg_Fix_alpha_pos-beta-exp_pos_
48,49,109.08722078489504,100152.0,0.3138745152157947,0.05,1.0,0.8467931281013251,0.5,1.7007845404694786,,,-21.892827452434467,,LearningParams_Fit_alpha_neg-exp_neg_Fix_alpha_pos-beta-exp_pos_
49,20,254.1972294350052,100152.0,0.4178154826218201,0.05,1.0,0.4734005965380341,0.5,0.5424323226586723,,,-0.2608351750359161,,LearningParams_Fit_alpha_neg-exp_neg_Fix_alpha_pos-beta-exp_pos_
0,8,87.85954980132814,100128.0,0.5854867386102466,0.05,1.0,0.044600139049816856,0.5,0.008238081187674431,,,0.9082718333702668,,LearningParams_Fit_alpha_neg-exp_neg_Fix_alpha_pos-beta-exp_pos_
1,34,87.85954980132865,100128.0,0.7807252647436476,0.05,1.0,0.23041839195381755,0.5,0.008238095890986237,,,0.9082714895064476,,LearningParams_Fit_alpha_neg-exp_neg_Fix_alpha_pos-beta-exp_pos_
2,22,87.85954980132986,100128.0,0.8684770096457164,0.05,1.0,0.08571459012398698,0.5,0.00823809460614828,,,0.9082714655674871,,LearningParams_Fit_alpha_neg-exp_neg_Fix_alpha_pos-beta-exp_pos_
3,12,87.85954980133042,100128.0,0.9272948967831188,0.05,1.0,0.2526712850789253,0.5,0.008238072719927669,,,0.9082719964957106,,LearningParams_Fit_alpha_neg-exp_neg_Fix_alpha_pos-beta-exp_pos_
4,20,87.85954980133094,100128.0,0.28926372006997314,0.05,1.0,0.12418393884268353,0.5,0.008238071569020221,,,0.90827201023427,,LearningParams_Fit_alpha_neg-exp_neg_Fix_alpha_pos-beta-exp_pos_
5,35,87.85954980133127,100128.0,0.05232926587180187,0.05,1.0,0.13670724894975886,0.5,0.008238090826761591,,,0.9082715209686724,,LearningParams_Fit_alpha_neg-exp_neg_Fix_alpha_pos-beta-exp_pos_
6,25,87.85954980133148,100128.0,0.5791787097326689,0.05,1.0,0.4246883637552881,0.5,0.008238100091244436,,,0.9082714203804269,,LearningParams_Fit_alpha_neg-exp_neg_Fix_alpha_pos-beta-exp_pos_
7,30,87.85954980133161,100128.0,0.1858504264296068,0.05,1.0,0.4096352401693572,0.5,0.008238071207246312,,,0.9082720294350932,,LearningParams_Fit_alpha_neg-exp_neg_Fix_alpha_pos-beta-exp_pos_
8,37,87.85954980133198,100128.0,0.07219795382726324,0.05,1.0,0.7671269150629357,0.5,0.008238091105566883,,,0.9082715102598437,,LearningParams_Fit_alpha_neg-exp_neg_Fix_alpha_pos-beta-exp_pos_
9,27,87.85954980133215,100128.0,0.2391518236848048,0.05,1.0,0.2106650473761412,0.5,0.00823808795987532,,,0.9082717317568731,,LearningParams_Fit_alpha_neg-exp_neg_Fix_alpha_pos-beta-exp_pos_
10,33,87.85954980133283,100128.0,0.43097730364338105,0.05,1.0,0.3278767675640868,0.5,0.008238091058836147,,,0.9082715044142412,,LearningParams_Fit_alpha_neg-exp_neg_Fix_alpha_pos-beta-exp_pos_
11,10,87.85954980133295,100128.0,0.7542506266691473,0.05,1.0,0.014548505620843309,0.5,0.008238092444383224,,,0.9082714744427054,,LearningParams_Fit_alpha_neg-exp_neg_Fix_alpha_pos-beta-exp_pos_
12,3,87.85954980133414,100128.0,0.8468234697248104,0.05,1.0,0.4799266882424038,0.5,0.008238092893970045,,,0.9082716325139092,,LearningParams_Fit_alpha_neg-exp_neg_Fix_alpha_pos-beta-exp_pos_
13,7,87.85954980133639,100128.0,0.009377229417873,0.05,1.0,0.8615887204632482,0.5,0.008238098819700482,,,0.9082713318607883,,LearningParams_Fit_alpha_neg-exp_neg_Fix_alpha_pos-beta-exp_pos_
14,5,87.85954980133741,100128.0,0.08469324641754572,0.05,1.0,0.8339889369027941,0.5,0.008238102098597941,,,0.9082712683577214,,LearningParams_Fit_alpha_neg-exp_neg_Fix_alpha_pos-beta-exp_pos_
15,47,87.85954980133768,100128.0,0.6147091494251582,0.05,1.0,0.14663835640651712,0.5,0.008238094312855866,,,0.908271619961174,,LearningParams_Fit_alpha_neg-exp_neg_Fix_alpha_pos-beta-exp_pos_
16,21,87.85954980133768,100128.0,0.8178928243926407,0.05,1.0,0.2248872901223995,0.5,0.008238080586169174,,,0.9082719206313108,,LearningParams_Fit_alpha_neg-exp_neg_Fix_alpha_pos-beta-exp_pos_
17,29,87.85954980133897,100128.0,0.05851484734409795,0.05,1.0,0.5654778358707949,0.5,0.008238098602445208,,,0.9082713195510796,,LearningParams_Fit_alpha_neg-exp_neg_Fix_alpha_pos-beta-exp_pos_
18,0,87.85954980134066,100128.0,0.8212162733318731,0.05,1.0,0.16881853672332814,0.5,0.008238081269372161,,,0.9082716709557744,,LearningParams_Fit_alpha_neg-exp_neg_Fix_alpha_pos-beta-exp_pos_
19,15,87.8595498013413,100128.0,0.5309348467797393,0.05,1.0,0.037529164271280065,0.5,0.00823808868853398,,,0.9082715067933153,,LearningParams_Fit_alpha_neg-exp_neg_Fix_alpha_pos-beta-exp_pos_
20,16,87.85954980134396,100128.0,0.011368945901375271,0.05,1.0,0.024714366010613283,0.5,0.008238110981758263,,,0.9082712230608811,,LearningParams_Fit_alpha_neg-exp_neg_Fix_alpha_pos-beta-exp_pos_
21,31,87.8595498013471,100128.0,0.09545962107044148,0.05,1.0,0.5042430898660555,0.5,0.00823805666578694,,,0.9082722783737758,,LearningParams_Fit_alpha_neg-exp_neg_Fix_alpha_pos-beta-exp_pos_
22,14,87.85954980134713,100128.0,0.3067252844627853,0.05,1.0,0.3083231720542156,0.5,0.008238073041895142,,,0.9082718357845692,,LearningParams_Fit_alpha_neg-exp_neg_Fix_alpha_pos-beta-exp_pos_
23,24,87.85954980135271,100128.0,0.8546949706105162,0.05,1.0,0.0986558494135511,0.5,0.008238075628306194,,,0.9082717535922938,,LearningParams_Fit_alpha_neg-exp_neg_Fix_alpha_pos-beta-exp_pos_
24,43,87.8595498013536,100128.0,0.000789965211257404,0.05,1.0,0.7983126846381569,0.5,0.008238093561500131,,,0.9082713590180632,,LearningParams_Fit_alpha_neg-exp_neg_Fix_alpha_pos-beta-exp_pos_
25,18,87.85954980135399,100128.0,0.11437299946937828,0.05,1.0,0.02960043248118472,0.5,0.008238067475108484,,,0.9082719433659472,,LearningParams_Fit_alpha_neg-exp_neg_Fix_alpha_pos-beta-exp_pos_
26,28,126.36155404841641,100128.0,0.21718493398988412,0.05,1.0,0.4770207609277813,0.5,-416.42029293831183,,,-5.0490496729234575,,LearningParams_Fit_alpha_neg-exp_neg_Fix_alpha_pos-beta-exp_pos_
27,17,127.03874544754714,100128.0,0.9769956600870252,0.05,1.0,0.7294620246314055,0.5,4.051693549821377,,,-20.91810715808989,,LearningParams_Fit_alpha_neg-exp_neg_Fix_alpha_pos-beta-exp_pos_
28,49,127.03874544754714,100128.0,0.911860996810792,0.05,1.0,0.6454045156529714,0.5,8.251184385106686,,,-21.405496250592087,,LearningParams_Fit_alpha_neg-exp_neg_Fix_alpha_pos-beta-exp_pos_
29,42,127.03874544754714,100128.0,0.481340233198251,0.05,1.0,0.8755844465604641,0.5,2.5047789390936166,,,-21.762206786533564,,LearningParams_Fit_alpha_neg-exp_neg_Fix_alpha_pos-beta-exp_pos_
30,23,127.03874544754714,100128.0,0.5702251152607747,0.05,1.0,0.6604797945550003,0.5,3.587695353331489,,,-20.9863745971005,,LearningParams_Fit_alpha_neg-exp_neg_Fix_alpha_pos-beta-exp_pos_
31,44,127.03874544754714,100128.0,0.3455770215835753,0.05,1.0,0.9417412739187184,0.5,1.72402942679327,,,-22.465403629789343,,LearningParams_Fit_alpha_neg-exp_neg_Fix_alpha_pos-beta-exp_pos_
32,6,127.03874544754714,100128.0,0.25932552539889164,0.05,1.0,0.6790725658427187,0.5,1.589096929870487,,,-21.817925120587915,,LearningParams_Fit_alpha_neg-exp_neg_Fix_alpha_pos-beta-exp_pos_
33,32,127.03874544754714,100128.0,0.3042728798723912,0.05,1.0,0.9081844058012126,0.5,1.5179695579043715,,,-21.664898642178017,,LearningParams_Fit_alpha_neg-exp_neg_Fix_alpha_pos-beta-exp_pos_
34,39,127.03874544754714,100128.0,0.3722862076559308,0.05,1.0,0.9124394599220438,0.5,1.8572773567146768,,,-21.766403706189166,,LearningParams_Fit_alpha_neg-exp_neg_Fix_alpha_pos-beta-exp_pos_
35,11,127.03874544754714,100128.0,0.4660875121499296,0.05,1.0,0.9441256074239868,0.5,2.1248970643637843,,,-20.635321906559575,,LearningParams_Fit_alpha_neg-exp_neg_Fix_alpha_pos-beta-exp_pos_
36,13,127.03874544754714,100128.0,0.35325061591324525,0.05,1.0,0.5763764851911302,0.5,2.530955282620482,,,-21.726551010015974,,LearningParams_Fit_alpha_neg-exp_neg_Fix_alpha_pos-beta-exp_pos_
37,46,127.03874544754714,100128.0,0.4375407121663165,0.05,1.0,0.8369721136900906,0.5,2.37089168761228,,,-21.638916825649996,,LearningParams_Fit_alpha_neg-exp_neg_Fix_alpha_pos-beta-exp_pos_
38,1,127.03874544754714,100128.0,0.21921630212600876,0.05,1.0,0.9825292438919564,0.5,0.9994090480982364,,,-21.47469263717798,,LearningParams_Fit_alpha_neg-exp_neg_Fix_alpha_pos-beta-exp_pos_
39,45,127.03874544754714,100128.0,0.2488820501805622,0.05,1.0,0.9123144974795638,0.5,1.2416334174815948,,,-21.763422705157748,,LearningParams_Fit_alpha_neg-exp_neg_Fix_alpha_pos-beta-exp_pos_
40,40,127.03874544754714,100128.0,0.6673497455341256,0.05,1.0,0.8169649367679698,0.5,5.000886984722804,,,-22.24601905357752,,LearningParams_Fit_alpha_neg-exp_neg_Fix_alpha_pos-beta-exp_pos_
41,48,127.0387454475472,100128.0,0.3611737363818214,0.05,1.0,0.4101974178306577,0.5,4.755227874260842,,,-24.40302093515686,,LearningParams_Fit_alpha_neg-exp_neg_Fix_alpha_pos-beta-exp_pos_
42,2,127.0387454475472,100128.0,0.5177651592205371,0.05,1.0,0.6616733395591402,0.5,4.076825474693263,,,-29.093951205065608,,LearningParams_Fit_alpha_neg-exp_neg_Fix_alpha_pos-beta-exp_pos_
43,9,127.0387454475472,100128.0,0.7900801155567274,0.05,1.0,0.4346117934749559,0.5,6.374669596418588,,,-24.75941793720022,,LearningParams_Fit_alpha_neg-exp_neg_Fix_alpha_pos-beta-exp_pos_
44,26,127.0387454475472,100128.0,0.35750856464199,0.05,1.0,0.6605925413822406,0.5,2.8149828117975013,,,-29.04642822425111,,LearningParams_Fit_alpha_neg-exp_neg_Fix_alpha_pos-beta-exp_pos_
45,41,127.0387454475472,100128.0,0.36409342431763503,0.05,1.0,0.7259534651369471,0.5,2.2310944589014867,,,-23.32416171714075,,LearningParams_Fit_alpha_neg-exp_neg_Fix_alpha_pos-beta-exp_pos_
46,4,248.97997959925797,100128.0,0.5340858886348676,0.05,1.0,0.5118032386017278,0.5,0.6854467213062041,,,-0.4342015166263389,,LearningParams_Fit_alpha_neg-exp_neg_Fix_alpha_pos-beta-exp_pos_
47,36,260.89831135487077,100128.0,0.6181075387706219,0.05,1.0,0.8062865590446435,0.5,0.7574514698163415,,,-0.16486833085609814,,LearningParams_Fit_alpha_neg-exp_neg_Fix_alpha_pos-beta-exp_pos_
48,38,264.3337355292266,100128.0,0.9409353531471928,0.05,1.0,0.5827720027256464,0.5,1.207181373272542,,,-0.5372060936375228,,LearningParams_Fit_alpha_neg-exp_neg_Fix_alpha_pos-beta-exp_pos_
49,19,265.7819327992356,100128.0,0.8800948264496615,0.05,1.0,0.4160230847066717,0.5,1.1917145659994013,,,-0.4207577890089753,,LearningParams_Fit_alpha_neg-exp_neg_Fix_alpha_pos-beta-exp_pos_
0,42,107.48456828566248,200168.0,0.11796450170596352,0.05,1.0,0.9339583918587776,0.5,0.899173653290384,,,-0.2935984531666943,,LearningParams_Fit_alpha_neg-exp_neg_Fix_alpha_pos-beta-exp_pos_
1,26,107.48456828566263,200168.0,0.6531363631661647,0.05,1.0,0.3712249686966425,0.5,0.8991734089693113,,,-0.2935983513825883,,LearningParams_Fit_alpha_neg-exp_neg_Fix_alpha_pos-beta-exp_pos_
2,21,107.48456828566276,200168.0,0.051500315203295684,0.05,1.0,0.12047790190514572,0.5,0.8991736568131179,,,-0.2935983938433998,,LearningParams_Fit_alpha_neg-exp_neg_Fix_alpha_pos-beta-exp_pos_
3,15,107.48456828566285,200168.0,0.3553442145333359,0.05,1.0,0.454219447174505,0.5,0.8991733643232737,,,-0.29359833524380713,,LearningParams_Fit_alpha_neg-exp_neg_Fix_alpha_pos-beta-exp_pos_
4,28,107.4845682856629,200168.0,0.09241382652876008,0.05,1.0,0.08895608585560888,0.5,0.8991738266257305,,,-0.29359848953144074,,LearningParams_Fit_alpha_neg-exp_neg_Fix_alpha_pos-beta-exp_pos_
5,31,107.48456828566292,200168.0,0.4754985648062383,0.05,1.0,0.943670556277632,0.5,0.8991733528430079,,,-0.2935982987023642,,LearningParams_Fit_alpha_neg-exp_neg_Fix_alpha_pos-beta-exp_pos_
6,45,107.48456828566296,200168.0,0.5711138420714906,0.05,1.0,0.7687057106226939,0.5,0.8991738106720786,,,-0.29359847305580256,,LearningParams_Fit_alpha_neg-exp_neg_Fix_alpha_pos-beta-exp_pos_
7,38,107.48456828566304,200168.0,0.5453813943475008,0.05,1.0,0.7931741819623743,0.5,0.8991733681438222,,,-0.2935982968867156,,LearningParams_Fit_alpha_neg-exp_neg_Fix_alpha_pos-beta-exp_pos_
8,43,107.48456828566307,200168.0,0.02621386180503393,0.05,1.0,0.5489884828863829,0.5,0.8991733624917931,,,-0.29359829025846795,,LearningParams_Fit_alpha_neg-exp_neg_Fix_alpha_pos-beta-exp_pos_
9,35,107.4845682856632,200168.0,0.7966071494698629,0.05,1.0,0.7755834838942838,0.5,0.8991733907446815,,,-0.29359829720158404,,LearningParams_Fit_alpha_neg-exp_neg_Fix_alpha_pos-beta-exp_pos_
10,39,107.4845682856632,200168.0,0.6239429242348442,0.05,1.0,0.22057311026434898,0.5,0.8991737486246103,,,-0.2935984952463066,,LearningParams_Fit_alpha_neg-exp_neg_Fix_alpha_pos-beta-exp_pos_
11,36,107.48456828566326,200168.0,0.8302750842168884,0.05,1.0,0.9836389765854248,0.5,0.8991733169905767,,,-0.2935982823821384,,LearningParams_Fit_alpha_neg-exp_neg_Fix_alpha_pos-beta-exp_pos_
12,6,107.48456828566364,200168.0,0.3641470697974229,0.05,1.0,0.13359085133145754,0.5,0.8991732815430804,,,-0.2935982684630738,,LearningParams_Fit_alpha_neg-exp_neg_Fix_alpha_pos-beta-exp_pos_
13,16,107.48456828566371,200168.0,0.4696805886543424,0.05,1.0,0.869387341465143,0.5,0.8991738995677565,,,-0.29359853019042403,,LearningParams_Fit_alpha_neg-exp_neg_Fix_alpha_pos-beta-exp_pos_
14,1,107.48456828566387,200168.0,0.06518466738805095,0.05,1.0,0.4079451975018776,0.5,0.8991736553948299,,,-0.29359848110201703,,LearningParams_Fit_alpha_neg-exp_neg_Fix_alpha_pos-beta-exp_pos_
15,32,107.48456828566393,200168.0,0.08209515114926312,0.05,1.0,0.3583597481625995,0.5,0.8991736729387253,,,-0.2935983792616417,,LearningParams_Fit_alpha_neg-exp_neg_Fix_alpha_pos-beta-exp_pos_
16,17,107.48456828566395,200168.0,0.535427102014255,0.05,1.0,0.44445827472221977,0.5,0.8991734173320931,,,-0.2935983858033244,,LearningParams_Fit_alpha_neg-exp_neg_Fix_alpha_pos-beta-exp_pos_
17,4,107.48456828566408,200168.0,0.9619933250835876,0.05,1.0,0.2586158464084265,0.5,0.8991739384107769,,,-0.29359853003491143,,LearningParams_Fit_alpha_neg-exp_neg_Fix_alpha_pos-beta-exp_pos_
18,48,107.48456828566414,200168.0,0.6889525013578556,0.05,1.0,0.14513663657613185,0.5,0.8991736502011671,,,-0.29359836686249186,,LearningParams_Fit_alpha_neg-exp_neg_Fix_alpha_pos-beta-exp_pos_
19,29,107.4845682856642,200168.0,0.5584490843096689,0.05,1.0,0.33047453446802577,0.5,0.8991738672350714,,,-0.2935985435116121,,LearningParams_Fit_alpha_neg-exp_neg_Fix_alpha_pos-beta-exp_pos_
20,49,107.4845682856642,200168.0,0.46387076477475303,0.05,1.0,0.07698292326610312,0.5,0.8991738258030938,,,-0.29359853163432337,,LearningParams_Fit_alpha_neg-exp_neg_Fix_alpha_pos-beta-exp_pos_
21,20,107.4845682856643,200168.0,0.3726685484359259,0.05,1.0,0.7592823156634172,0.5,0.8991738637528266,,,-0.2935984615686977,,LearningParams_Fit_alpha_neg-exp_neg_Fix_alpha_pos-beta-exp_pos_
22,24,107.48456828566441,200168.0,0.07597153278157742,0.05,1.0,0.993949861642336,0.5,0.8991732647021641,,,-0.2935982434686699,,LearningParams_Fit_alpha_neg-exp_neg_Fix_alpha_pos-beta-exp_pos_
23,41,107.4845682856646,200168.0,0.1865034624554832,0.05,1.0,0.3626851068695143,0.5,0.8991739672471033,,,-0.29359852293450794,,LearningParams_Fit_alpha_neg-exp_neg_Fix_alpha_pos-beta-exp_pos_
24,14,107.4845682856646,200168.0,0.5730504279433128,0.05,1.0,0.9346586869407272,0.5,0.8991734291365355,,,-0.2935984024686913,,LearningParams_Fit_alpha_neg-exp_neg_Fix_alpha_pos-beta-exp_pos_
25,19,107.48456828566464,200168.0,0.7772244568482447,0.05,1.0,0.0783093537975067,0.5,0.8991735905067653,,,-0.2935984676272698,,LearningParams_Fit_alpha_neg-exp_neg_Fix_alpha_pos-beta-exp_pos_
26,46,107.48456828566464,200168.0,0.3507792335340553,0.05,1.0,0.9809300761525678,0.5,0.8991737241152413,,,-0.29359839156229445,,LearningParams_Fit_alpha_neg-exp_neg_Fix_alpha_pos-beta-exp_pos_
27,9,107.48456828566465,200168.0,0.19936731313354367,0.05,1.0,0.3558930410154494,0.5,0.8991734383694582,,,-0.2935982830926007,,LearningParams_Fit_alpha_neg-exp_neg_Fix_alpha_pos-beta-exp_pos_
28,3,107.48456828566496,200168.0,0.9406462853349664,0.05,1.0,0.4005478621977296,0.5,0.8991740165376874,,,-0.293598560130514,,LearningParams_Fit_alpha_neg-exp_neg_Fix_alpha_pos-beta-exp_pos_
29,47,107.48456828566515,200168.0,0.9861783248700658,0.05,1.0,0.3185950522196917,0.5,0.8991736102707011,,,-0.2935984808209255,,LearningParams_Fit_alpha_neg-exp_neg_Fix_alpha_pos-beta-exp_pos_
30,8,107.4845682856654,200168.0,0.05797363332533001,0.05,1.0,0.6096051379785268,0.5,0.8991733778106512,,,-0.29359825694831604,,LearningParams_Fit_alpha_neg-exp_neg_Fix_alpha_pos-beta-exp_pos_
31,22,107.48456828566549,200168.0,0.8240185911105371,0.05,1.0,0.5016679760210931,0.5,0.899173284424549,,,-0.2935983475968358,,LearningParams_Fit_alpha_neg-exp_neg_Fix_alpha_pos-beta-exp_pos_
32,10,107.48456828566552,200168.0,0.5121980245248277,0.05,1.0,0.4725397001557243,0.5,0.8991731395320238,,,-0.29359820252185365,,LearningParams_Fit_alpha_neg-exp_neg_Fix_alpha_pos-beta-exp_pos_
33,27,107.48456828566609,200168.0,0.98289031464203,0.05,1.0,0.5487530226992501,0.5,0.8991734122580641,,,-0.2935982582390197,,LearningParams_Fit_alpha_neg-exp_neg_Fix_alpha_pos-beta-exp_pos_
34,13,107.48456828566624,200168.0,0.8063271162006167,0.05,1.0,0.5767522959671489,0.5,0.8991731464123789,,,-0.2935982840968632,,LearningParams_Fit_alpha_neg-exp_neg_Fix_alpha_pos-beta-exp_pos_
35,7,107.48456828566631,200168.0,0.5457037326775435,0.05,1.0,0.6700127428984402,0.5,0.8991733299941492,,,-0.2935982316527107,,LearningParams_Fit_alpha_neg-exp_neg_Fix_alpha_pos-beta-exp_pos_
36,25,107.48456828566648,200168.0,0.8533667826396476,0.05,1.0,0.4771307349604653,0.5,0.8991735251761619,,,-0.2935982937595764,,LearningParams_Fit_alpha_neg-exp_neg_Fix_alpha_pos-beta-exp_pos_
37,12,107.48456828566715,200168.0,0.4356203250878917,0.05,1.0,0.021103266166040857,0.5,0.8991734629111161,,,-0.29359844290468057,,LearningParams_Fit_alpha_neg-exp_neg_Fix_alpha_pos-beta-exp_pos_
38,18,107.48456828566765,200168.0,0.3663602286970279,0.05,1.0,0.8053953040349064,0.5,0.8991732932214918,,,-0.29359820711869444,,LearningParams_Fit_alpha_neg-exp_neg_Fix_alpha_pos-beta-exp_pos_
39,30,107.48456828566765,200168.0,0.09818001246338036,0.05,1.0,0.4547230159639801,0.5,0.8991737284578424,,,-0.29359836080227464,,LearningParams_Fit_alpha_neg-exp_neg_Fix_alpha_pos-beta-exp_pos_
40,0,107.48456828566867,200168.0,0.2210582975987283,0.05,1.0,0.7745805642900998,0.5,0.8991730057416352,,,-0.29359813458263617,,LearningParams_Fit_alpha_neg-exp_neg_Fix_alpha_pos-beta-exp_pos_
41,23,107.48456828566879,200168.0,0.6030325500125461,0.05,1.0,0.2946393775292563,0.5,0.8991738221284923,,,-0.29359839221206896,,LearningParams_Fit_alpha_neg-exp_neg_Fix_alpha_pos-beta-exp_pos_
42,34,107.48456828567,200168.0,0.4984534327465875,0.05,1.0,0.6947297251392349,0.5,0.8991736518139567,,,-0.29359853657092794,,LearningParams_Fit_alpha_neg-exp_neg_Fix_alpha_pos-beta-exp_pos_
43,11,107.4845682856701,200168.0,0.2546797533937601,0.05,1.0,0.9980377667738932,0.5,0.8991738361313151,,,-0.2935985990126211,,LearningParams_Fit_alpha_neg-exp_neg_Fix_alpha_pos-beta-exp_pos_
44,33,107.4845682856702,200168.0,0.9214838739805082,0.05,1.0,0.5558036834889294,0.5,0.8991737052321008,,,-0.2935983324397176,,LearningParams_Fit_alpha_neg-exp_neg_Fix_alpha_pos-beta-exp_pos_
45,37,107.48456828567114,200168.0,0.5589493070508562,0.05,1.0,0.9600798232350868,0.5,0.8991737907254025,,,-0.2935985919824303,,LearningParams_Fit_alpha_neg-exp_neg_Fix_alpha_pos-beta-exp_pos_
46,2,107.4845682856712,200168.0,0.3793406996224224,0.05,1.0,0.1643706588820356,0.5,0.8991735268307672,,,-0.29359825779925464,,LearningParams_Fit_alpha_neg-exp_neg_Fix_alpha_pos-beta-exp_pos_
47,5,107.48456828567377,200168.0,0.9247810177175744,0.05,1.0,0.4508418276215097,0.5,0.8991734786946092,,,-0.293598225561417,,LearningParams_Fit_alpha_neg-exp_neg_Fix_alpha_pos-beta-exp_pos_
48,40,107.48456828567646,200168.0,0.18327868084766186,0.05,1.0,0.4742680957865949,0.5,0.8991743477827447,,,-0.293598596059026,,LearningParams_Fit_alpha_neg-exp_neg_Fix_alpha_pos-beta-exp_pos_
49,44,107.4845682856782,200168.0,0.5178432832197025,0.05,1.0,0.4473626617546811,0.5,0.8991739979456304,,,-0.29359840951305216,,LearningParams_Fit_alpha_neg-exp_neg_Fix_alpha_pos-beta-exp_pos_
0,29,78.76108653363039,306065.0,0.3385354663076069,0.05,1.0,0.2348413871576269,0.5,0.1156693890656547,,,0.3866611277462354,,LearningParams_Fit_alpha_neg-exp_neg_Fix_alpha_pos-beta-exp_pos_
1,7,78.76108653363099,306065.0,0.9563358087989664,0.05,1.0,0.9963634939827994,0.5,0.11566927387224085,,,0.3866613991698479,,LearningParams_Fit_alpha_neg-exp_neg_Fix_alpha_pos-beta-exp_pos_
2,43,78.76108653363127,306065.0,0.13541698349988762,0.05,1.0,0.15212669935989598,0.5,0.11566941545028316,,,0.38666116575464704,,LearningParams_Fit_alpha_neg-exp_neg_Fix_alpha_pos-beta-exp_pos_
3,40,78.76108653363409,306065.0,0.21866968097100148,0.05,1.0,0.8086927780249467,0.5,0.11566925799541185,,,0.3866614773519801,,LearningParams_Fit_alpha_neg-exp_neg_Fix_alpha_pos-beta-exp_pos_
4,13,78.76108653363634,306065.0,0.9373947171765604,0.05,1.0,0.2498100278433787,0.5,0.11566924343535295,,,0.3866615136592471,,LearningParams_Fit_alpha_neg-exp_neg_Fix_alpha_pos-beta-exp_pos_
5,27,78.76108653363748,306065.0,0.10134670839164972,0.05,1.0,0.3517498614721495,0.5,0.11566929577301832,,,0.3866614637363021,,LearningParams_Fit_alpha_neg-exp_neg_Fix_alpha_pos-beta-exp_pos_
6,32,78.76108653363829,306065.0,0.9679054937335896,0.05,1.0,0.5038099229824776,0.5,0.11566947996645308,,,0.38666097744330935,,LearningParams_Fit_alpha_neg-exp_neg_Fix_alpha_pos-beta-exp_pos_
7,20,78.76108653363859,306065.0,0.25837450990920063,0.05,1.0,0.6853915335094886,0.5,0.11566922569236672,,,0.3866615457619617,,LearningParams_Fit_alpha_neg-exp_neg_Fix_alpha_pos-beta-exp_pos_
8,0,78.7610865336392,306065.0,0.3086234453523388,0.05,1.0,0.012357645230975822,0.5,0.11566945236381447,,,0.3866611346182657,,LearningParams_Fit_alpha_neg-exp_neg_Fix_alpha_pos-beta-exp_pos_
9,9,78.76108653363931,306065.0,0.5828327714092062,0.05,1.0,0.9025598949995256,0.5,0.1156692193437182,,,0.3866614831290263,,LearningParams_Fit_alpha_neg-exp_neg_Fix_alpha_pos-beta-exp_pos_
10,37,78.76108653364027,306065.0,0.8863782324397245,0.05,1.0,0.7756731374428271,0.5,0.1156694595543943,,,0.3866611216156716,,LearningParams_Fit_alpha_neg-exp_neg_Fix_alpha_pos-beta-exp_pos_
11,25,78.76108653364055,306065.0,0.7682650336592983,0.05,1.0,0.13398506800024412,0.5,0.11566948964207273,,,0.3866610150489262,,LearningParams_Fit_alpha_neg-exp_neg_Fix_alpha_pos-beta-exp_pos_
12,2,78.76108653364226,306065.0,0.18375989778280788,0.05,1.0,0.898360232395229,0.5,0.1156691975382072,,,0.3866615444426456,,LearningParams_Fit_alpha_neg-exp_neg_Fix_alpha_pos-beta-exp_pos_
13,11,78.76108653364248,306065.0,0.3086088683062874,0.05,1.0,0.6902410712026362,0.5,0.11566919651510067,,,0.38666155579095146,,LearningParams_Fit_alpha_neg-exp_neg_Fix_alpha_pos-beta-exp_pos_
14,15,78.76108653364268,306065.0,0.2943116580239391,0.05,1.0,0.7849720452710046,0.5,0.11566919801203382,,,0.3866615828292306,,LearningParams_Fit_alpha_neg-exp_neg_Fix_alpha_pos-beta-exp_pos_
15,22,78.76108653364314,306065.0,0.5628328134522578,0.05,1.0,0.9035873570127816,0.5,0.1156694294545986,,,0.3866612194128732,,LearningParams_Fit_alpha_neg-exp_neg_Fix_alpha_pos-beta-exp_pos_
16,17,78.76108653364359,306065.0,0.1418191604688871,0.05,1.0,0.18783394550525434,0.5,0.115669236542821,,,0.3866615806663535,,LearningParams_Fit_alpha_neg-exp_neg_Fix_alpha_pos-beta-exp_pos_
17,35,78.76108653364375,306065.0,0.9388908040448262,0.05,1.0,0.4555984320185246,0.5,0.1156694877704831,,,0.3866610581925315,,LearningParams_Fit_alpha_neg-exp_neg_Fix_alpha_pos-beta-exp_pos_
18,41,78.76108653364618,306065.0,0.33592839127349594,0.05,1.0,0.1059086738390156,0.5,0.11566950772911715,,,0.3866608824057728,,LearningParams_Fit_alpha_neg-exp_neg_Fix_alpha_pos-beta-exp_pos_
19,49,78.76108653364696,306065.0,0.11654379351313293,0.05,1.0,0.1293427781966291,0.5,0.11566933839289904,,,0.38666112709547706,,LearningParams_Fit_alpha_neg-exp_neg_Fix_alpha_pos-beta-exp_pos_
20,38,78.76108653364713,306065.0,0.5234665132667718,0.05,1.0,0.3699387288157852,0.5,0.11566920282028767,,,0.386661464239048,,LearningParams_Fit_alpha_neg-exp_neg_Fix_alpha_pos-beta-exp_pos_
21,1,78.76108653364753,306065.0,0.043653258450014436,0.05,1.0,0.24907891802041995,0.5,0.1156693910635558,,,0.3866610244498457,,LearningParams_Fit_alpha_neg-exp_neg_Fix_alpha_pos-beta-exp_pos_
22,47,78.761086533648,306065.0,0.5966973334112591,0.05,1.0,0.7156496470980196,0.5,0.11566929986107707,,,0.3866615072164953,,LearningParams_Fit_alpha_neg-exp_neg_Fix_alpha_pos-beta-exp_pos_
23,36,78.76108653364861,306065.0,0.43347224932293615,0.05,1.0,0.4037932218203767,0.5,0.1156692803467359,,,0.3866612477604046,,LearningParams_Fit_alpha_neg-exp_neg_Fix_alpha_pos-beta-exp_pos_
24,4,78.76108653364899,306065.0,0.5053014390991327,0.05,1.0,0.6491895389436471,0.5,0.11566920728648905,,,0.3866614371801018,,LearningParams_Fit_alpha_neg-exp_neg_Fix_alpha_pos-beta-exp_pos_
25,3,78.76108653365137,306065.0,0.9276109671416244,0.05,1.0,0.18474245929997515,0.5,0.11566926544610236,,,0.3866615770261909,,LearningParams_Fit_alpha_neg-exp_neg_Fix_alpha_pos-beta-exp_pos_
26,21,78.76108653365183,306065.0,0.7106482533807491,0.05,1.0,0.5415298788845929,0.5,0.11566933202630045,,,0.3866611220308145,,LearningParams_Fit_alpha_neg-exp_neg_Fix_alpha_pos-beta-exp_pos_
27,46,78.761086533652,306065.0,0.09523615349747938,0.05,1.0,0.5833607580340087,0.5,0.11566922249299545,,,0.38666164065146064,,LearningParams_Fit_alpha_neg-exp_neg_Fix_alpha_pos-beta-exp_pos_
28,24,78.76108653365587,306065.0,0.6409919311837884,0.05,1.0,0.7470285034021676,0.5,0.1156693390203616,,,0.3866610937589797,,LearningParams_Fit_alpha_neg-exp_neg_Fix_alpha_pos-beta-exp_pos_
29,16,78.76108653365591,306065.0,0.07438066253954434,0.05,1.0,0.7791766511717042,0.5,0.1156692489638825,,,0.3866612947402193,,LearningParams_Fit_alpha_neg-exp_neg_Fix_alpha_pos-beta-exp_pos_
30,44,78.76108653365758,306065.0,0.4840666231472198,0.05,1.0,0.1546788362337862,0.5,0.11566944035048587,,,0.3866612519872523,,LearningParams_Fit_alpha_neg-exp_neg_Fix_alpha_pos-beta-exp_pos_
31,10,78.7610865336577,306065.0,0.3850423916530219,0.05,1.0,0.8304220134248184,0.5,0.11566914632738405,,,0.3866615916133008,,LearningParams_Fit_alpha_neg-exp_neg_Fix_alpha_pos-beta-exp_pos_
32,42,78.76108653365789,306065.0,0.8041884981420513,0.05,1.0,0.307339911939838,0.5,0.11566930365966364,,,0.3866611614305357,,LearningParams_Fit_alpha_neg-exp_neg_Fix_alpha_pos-beta-exp_pos_
33,34,78.76108653366256,306065.0,0.03711221022096023,0.05,1.0,0.06562689112344132,0.5,0.1156693224856491,,,0.3866611074944424,,LearningParams_Fit_alpha_neg-exp_neg_Fix_alpha_pos-beta-exp_pos_
34,39,78.76108653366346,306065.0,0.037855367714497164,0.05,1.0,0.808133966464272,0.5,0.11566927572677538,,,0.38666160211812417,,LearningParams_Fit_alpha_neg-exp_neg_Fix_alpha_pos-beta-exp_pos_
35,33,78.76108653366587,306065.0,0.6810821043250929,0.05,1.0,0.8907539754185588,0.5,0.11566910415334156,,,0.38666174970292416,,LearningParams_Fit_alpha_neg-exp_neg_Fix_alpha_pos-beta-exp_pos_
36,26,78.76108653366771,306065.0,0.8454844397645832,0.05,1.0,0.7691836154721808,0.5,0.11566926588426027,,,0.3866612159494116,,LearningParams_Fit_alpha_neg-exp_neg_Fix_alpha_pos-beta-exp_pos_
37,19,78.76108653366889,306065.0,0.4221653112096772,0.05,1.0,0.9194122272053168,0.5,0.11566941676666614,,,0.38666134005100217,,LearningParams_Fit_alpha_neg-exp_neg_Fix_alpha_pos-beta-exp_pos_
38,5,78.76108653367146,306065.0,0.3675059449486701,0.05,1.0,0.3787683671468023,0.5,0.11566946193820668,,,0.38666124443862815,,LearningParams_Fit_alpha_neg-exp_neg_Fix_alpha_pos-beta-exp_pos_
39,18,78.76108653367879,306065.0,0.5204471537634687,0.05,1.0,0.6901217272248705,0.5,0.11566934188590157,,,0.3866615214807079,,LearningParams_Fit_alpha_neg-exp_neg_Fix_alpha_pos-beta-exp_pos_
40,6,78.76108653367915,306065.0,0.6191619814902811,0.05,1.0,0.015738903056010778,0.5,0.11566926339680772,,,0.3866611913284839,,LearningParams_Fit_alpha_neg-exp_neg_Fix_alpha_pos-beta-exp_pos_
41,30,78.76108653367935,306065.0,0.8358546944671876,0.05,1.0,0.252646202723376,0.5,0.11566929572451652,,,0.38666111918081203,,LearningParams_Fit_alpha_neg-exp_neg_Fix_alpha_pos-beta-exp_pos_
42,8,78.76108653368121,306065.0,0.8815628423922695,0.05,1.0,0.19999664802275766,0.5,0.11566962605492255,,,0.38666062512368204,,LearningParams_Fit_alpha_neg-exp_neg_Fix_alpha_pos-beta-exp_pos_
43,14,78.76108653368458,306065.0,0.3965897458692138,0.05,1.0,0.21562478457079395,0.5,0.11566955748259278,,,0.3866610361773677,,LearningParams_Fit_alpha_neg-exp_neg_Fix_alpha_pos-beta-exp_pos_
44,23,78.7610865336915,306065.0,0.05823609822855048,0.05,1.0,0.5460744580228623,0.5,0.11566942738403628,,,0.3866613730001423,,LearningParams_Fit_alpha_neg-exp_neg_Fix_alpha_pos-beta-exp_pos_
45,48,78.76108653369205,306065.0,0.9461327840492312,0.05,1.0,0.8368232388995624,0.5,0.11566928148955967,,,0.3866616649656692,,LearningParams_Fit_alpha_neg-exp_neg_Fix_alpha_pos-beta-exp_pos_
46,12,78.76108653370727,306065.0,0.9581462944007776,0.05,1.0,0.11646935704578674,0.5,0.1156691411823439,,,0.38666142045451785,,LearningParams_Fit_alpha_neg-exp_neg_Fix_alpha_pos-beta-exp_pos_
47,28,78.76108653374946,306065.0,0.17099974928587225,0.05,1.0,0.28903667292638235,0.5,0.1156696169488256,,,0.3866610327180707,,LearningParams_Fit_alpha_neg-exp_neg_Fix_alpha_pos-beta-exp_pos_
48,45,78.7610865338337,306065.0,0.29871284996935465,0.05,1.0,0.4508646098806003,0.5,0.11566974283368105,,,0.3866608405119608,,LearningParams_Fit_alpha_neg-exp_neg_Fix_alpha_pos-beta-exp_pos_
49,31,78.76108653405379,306065.0,0.4322189229280686,0.05,1.0,0.4815699871655398,0.5,0.1156685491770988,,,0.38666268839714346,,LearningParams_Fit_alpha_neg-exp_neg_Fix_alpha_pos-beta-exp_pos_
0,21,61.04881445167924,408952.0,0.10985181513353903,0.05,1.0,0.5929593602141292,0.5,0.002141523413132432,,,1.1609237880879422,,LearningParams_Fit_alpha_neg-exp_neg_Fix_alpha_pos-beta-exp_pos_
1,46,61.04881445167931,408952.0,0.16627413810526082,0.05,1.0,0.5066451275506051,0.5,0.0021415223118216144,,,1.1609239521203387,,LearningParams_Fit_alpha_neg-exp_neg_Fix_alpha_pos-beta-exp_pos_
2,28,61.04881445167931,408952.0,0.08736098627927569,0.05,1.0,0.7841232263051049,0.5,0.002141522833756365,,,1.1609239157448372,,LearningParams_Fit_alpha_neg-exp_neg_Fix_alpha_pos-beta-exp_pos_
3,3,61.048814451679725,408952.0,0.11058591390709104,0.05,1.0,0.10471878164809056,0.5,0.0021415261617460726,,,1.1609235610016586,,LearningParams_Fit_alpha_neg-exp_neg_Fix_alpha_pos-beta-exp_pos_
4,34,61.04881445168027,408952.0,0.8779629276499529,0.05,1.0,0.032014211450293706,0.5,0.00214152149045652,,,1.1609239557026445,,LearningParams_Fit_alpha_neg-exp_neg_Fix_alpha_pos-beta-exp_pos_
5,12,61.048814451680315,408952.0,0.09151852922925552,0.05,1.0,0.632907781334522,0.5,0.0021415211091753376,,,1.1609239906215556,,LearningParams_Fit_alpha_neg-exp_neg_Fix_alpha_pos-beta-exp_pos_
6,36,61.048814451680386,408952.0,0.4364846883737564,0.05,1.0,0.21403961792032344,0.5,0.002141524205142702,,,1.1609238169076286,,LearningParams_Fit_alpha_neg-exp_neg_Fix_alpha_pos-beta-exp_pos_
7,5,61.04881445168097,408952.0,0.21588294350435644,0.05,1.0,0.2681332806040033,0.5,0.0021415202148172144,,,1.1609241105964199,,LearningParams_Fit_alpha_neg-exp_neg_Fix_alpha_pos-beta-exp_pos_
8,8,61.048814451680975,408952.0,0.33835481763975617,0.05,1.0,0.1459193092367288,0.5,0.002141520808898237,,,1.1609240129974052,,LearningParams_Fit_alpha_neg-exp_neg_Fix_alpha_pos-beta-exp_pos_
9,29,61.048814451681345,408952.0,0.99297672267016,0.05,1.0,0.10581867421455717,0.5,0.002141527844742285,,,1.1609234232312822,,LearningParams_Fit_alpha_neg-exp_neg_Fix_alpha_pos-beta-exp_pos_
10,30,61.0488144516821,408952.0,0.1688615159993374,0.05,1.0,0.297342379133429,0.5,0.0021415194287792354,,,1.160924163536432,,LearningParams_Fit_alpha_neg-exp_neg_Fix_alpha_pos-beta-exp_pos_
11,39,61.04881445168303,408952.0,0.006154231671110289,0.05,1.0,0.7939757086077152,0.5,0.0021415200045957093,,,1.1609240706342856,,LearningParams_Fit_alpha_neg-exp_neg_Fix_alpha_pos-beta-exp_pos_
12,15,61.048814451683036,408952.0,0.08273259683242262,0.05,1.0,0.7951616799915419,0.5,0.0021415255259827444,,,1.1609237256882337,,LearningParams_Fit_alpha_neg-exp_neg_Fix_alpha_pos-beta-exp_pos_
13,27,61.048814451683825,408952.0,0.4432537680155667,0.05,1.0,0.15642091749875864,0.5,0.0021415296489899526,,,1.1609232795553992,,LearningParams_Fit_alpha_neg-exp_neg_Fix_alpha_pos-beta-exp_pos_
14,49,61.0488144516846,408952.0,0.8045319907994274,0.05,1.0,0.13443280705720406,0.5,0.002141526638860951,,,1.1609236388858848,,LearningParams_Fit_alpha_neg-exp_neg_Fix_alpha_pos-beta-exp_pos_
15,16,61.04881445168488,408952.0,0.14603267444559587,0.05,1.0,0.32738943080879945,0.5,0.002141530164474312,,,1.1609232992992795,,LearningParams_Fit_alpha_neg-exp_neg_Fix_alpha_pos-beta-exp_pos_
16,9,61.04881445168518,408952.0,0.012722179884987585,0.05,1.0,0.9608467261975812,0.5,0.002141529701823295,,,1.1609233528234395,,LearningParams_Fit_alpha_neg-exp_neg_Fix_alpha_pos-beta-exp_pos_
17,22,61.048814451685494,408952.0,0.0957751985252684,0.05,1.0,0.6145182882291419,0.5,0.0021415230709334408,,,1.1609237709772824,,LearningParams_Fit_alpha_neg-exp_neg_Fix_alpha_pos-beta-exp_pos_
18,1,61.04881445168578,408952.0,0.0010354211532621618,0.05,1.0,0.1966452663735632,0.5,0.0021415269250190734,,,1.1609234542140978,,LearningParams_Fit_alpha_neg-exp_neg_Fix_alpha_pos-beta-exp_pos_
19,40,61.04881445168604,408952.0,0.3489013808471989,0.05,1.0,0.16092802744007714,0.5,0.0021415233167385262,,,1.1609237473309544,,LearningParams_Fit_alpha_neg-exp_neg_Fix_alpha_pos-beta-exp_pos_
20,47,61.048814451686624,408952.0,0.11030134962935988,0.05,1.0,0.4002790695363084,0.5,0.0021415202477532928,,,1.1609240167531816,,LearningParams_Fit_alpha_neg-exp_neg_Fix_alpha_pos-beta-exp_pos_
21,23,61.04881445168766,408952.0,0.3852984551849621,0.05,1.0,0.08771038685500021,0.5,0.00214153153750079,,,1.1609231693730884,,LearningParams_Fit_alpha_neg-exp_neg_Fix_alpha_pos-beta-exp_pos_
22,6,61.04881445168997,408952.0,0.43918670927224623,0.05,1.0,0.0014061024370786155,0.5,0.0021415276234192427,,,1.1609235804347442,,LearningParams_Fit_alpha_neg-exp_neg_Fix_alpha_pos-beta-exp_pos_
23,14,61.04881445169018,408952.0,0.1837265972268456,0.05,1.0,0.2708632955166699,0.5,0.0021415312914731775,,,1.160923232736331,,LearningParams_Fit_alpha_neg-exp_neg_Fix_alpha_pos-beta-exp_pos_
24,17,61.04881445169193,408952.0,0.08438764846558577,0.05,1.0,0.4119869596638172,0.5,0.0021415324076173524,,,1.1609231238196742,,LearningParams_Fit_alpha_neg-exp_neg_Fix_alpha_pos-beta-exp_pos_
25,43,61.0488144516984,408952.0,0.5288383053690285,0.05,1.0,0.18378026416443427,0.5,0.002141519135308118,,,1.160924061916809,,LearningParams_Fit_alpha_neg-exp_neg_Fix_alpha_pos-beta-exp_pos_
26,24,61.04881445170165,408952.0,0.9085686373551898,0.05,1.0,0.17040960038491293,0.5,0.0021415202744893454,,,1.1609239471711577,,LearningParams_Fit_alpha_neg-exp_neg_Fix_alpha_pos-beta-exp_pos_
27,38,113.002603852883,408952.0,0.7143026843064703,0.05,1.0,0.845627856366197,0.5,3.874261869146898,,,-21.937095436506468,,LearningParams_Fit_alpha_neg-exp_neg_Fix_alpha_pos-beta-exp_pos_
28,44,113.002603852883,408952.0,0.3301277699867241,0.05,1.0,0.8308793529420915,0.5,1.7888556743354966,,,-21.48139575546373,,LearningParams_Fit_alpha_neg-exp_neg_Fix_alpha_pos-beta-exp_pos_
29,18,113.002603852883,408952.0,0.5202251007145011,0.05,1.0,0.5402149421698365,0.5,3.8982955891984616,,,-21.969145628277804,,LearningParams_Fit_alpha_neg-exp_neg_Fix_alpha_pos-beta-exp_pos_
30,11,113.002603852883,408952.0,0.15992447749285654,0.05,1.0,0.6600416925991729,0.5,0.9930930348804486,,,-21.089468136632647,,LearningParams_Fit_alpha_neg-exp_neg_Fix_alpha_pos-beta-exp_pos_
31,37,113.002603852883,408952.0,0.9418516451178652,0.05,1.0,0.801706065242567,0.5,6.270993577960379,,,-22.22808357492948,,LearningParams_Fit_alpha_neg-exp_neg_Fix_alpha_pos-beta-exp_pos_
32,2,113.00260385288306,408952.0,0.8004323990111807,0.05,1.0,0.9326374570324816,0.5,4.337284436721935,,,-24.11223030147964,,LearningParams_Fit_alpha_neg-exp_neg_Fix_alpha_pos-beta-exp_pos_
33,4,113.00260385288306,408952.0,0.5400023430914412,0.05,1.0,0.457777817364164,0.5,3.285866796568129,,,-23.499827552983536,,LearningParams_Fit_alpha_neg-exp_neg_Fix_alpha_pos-beta-exp_pos_
34,7,113.00260385288306,408952.0,0.6073737452965278,0.05,1.0,0.7849510661406891,0.5,3.72186946290782,,,-25.219695870249247,,LearningParams_Fit_alpha_neg-exp_neg_Fix_alpha_pos-beta-exp_pos_
35,42,113.00260385288306,408952.0,0.8367508360146004,0.05,1.0,0.8645618295509294,0.5,5.57121617422429,,,-23.970821022961182,,LearningParams_Fit_alpha_neg-exp_neg_Fix_alpha_pos-beta-exp_pos_
36,41,113.00260385288306,408952.0,0.5738836738477544,0.05,1.0,0.5997561372644717,0.5,4.518696438700436,,,-26.371435494344126,,LearningParams_Fit_alpha_neg-exp_neg_Fix_alpha_pos-beta-exp_pos_
37,10,113.00260385288306,408952.0,0.7179715713487904,0.05,1.0,0.6588843800142368,0.5,6.084002751451423,,,-23.33004065178928,,LearningParams_Fit_alpha_neg-exp_neg_Fix_alpha_pos-beta-exp_pos_
38,0,113.00260385288306,408952.0,0.13617782736522488,0.05,1.0,0.919344052993764,0.5,0.7379036280733551,,,-23.768545177903142,,LearningParams_Fit_alpha_neg-exp_neg_Fix_alpha_pos-beta-exp_pos_
39,13,113.00260385288306,408952.0,0.4227568463027208,0.05,1.0,0.7405408686958702,0.5,2.5905726229919552,,,-23.79284046306736,,LearningParams_Fit_alpha_neg-exp_neg_Fix_alpha_pos-beta-exp_pos_
40,33,113.00260385288306,408952.0,0.3829494578277799,0.05,1.0,0.9469974046935704,0.5,2.075079326548282,,,-24.483489639725665,,LearningParams_Fit_alpha_neg-exp_neg_Fix_alpha_pos-beta-exp_pos_
41,32,113.00260385288306,408952.0,0.20068379955598314,0.05,1.0,0.8973421772398609,0.5,1.0874406403234964,,,-23.19971289345835,,LearningParams_Fit_alpha_neg-exp_neg_Fix_alpha_pos-beta-exp_pos_
42,31,113.00260385288306,408952.0,0.3321602587829219,0.05,1.0,0.6562398278944703,0.5,2.615393061065564,,,-28.85503826450577,,LearningParams_Fit_alpha_neg-exp_neg_Fix_alpha_pos-beta-exp_pos_
43,20,113.00260385288306,408952.0,0.3381587399563768,0.05,1.0,0.5578699449178437,0.5,2.6626244369546512,,,-24.529688572651967,,LearningParams_Fit_alpha_neg-exp_neg_Fix_alpha_pos-beta-exp_pos_
44,48,113.00260385288306,408952.0,0.6012389218845723,0.05,1.0,0.7153506559447866,0.5,3.192936835111777,,,-23.96354838952529,,LearningParams_Fit_alpha_neg-exp_neg_Fix_alpha_pos-beta-exp_pos_
45,26,113.00260385288306,408952.0,0.8706942259927956,0.05,1.0,0.7256070747039357,0.5,7.3781557348594475,,,-25.692584410185752,,LearningParams_Fit_alpha_neg-exp_neg_Fix_alpha_pos-beta-exp_pos_
46,35,252.189935266764,408952.0,0.7887998334047724,0.05,1.0,0.4520980854997914,0.5,1.2208325229586086,,,-0.6375916060153688,,LearningParams_Fit_alpha_neg-exp_neg_Fix_alpha_pos-beta-exp_pos_
47,45,255.94000723905074,408952.0,0.8190819514664769,0.05,1.0,0.39952322169654897,0.5,1.1173148627003986,,,-0.5464738572646721,,LearningParams_Fit_alpha_neg-exp_neg_Fix_alpha_pos-beta-exp_pos_
48,19,262.8855861101001,408952.0,0.8483824450547893,0.05,1.0,0.4217848623618351,0.5,1.1476373803433793,,,-0.5251621845787715,,LearningParams_Fit_alpha_neg-exp_neg_Fix_alpha_pos-beta-exp_pos_
49,25,267.8949943645424,408952.0,0.828311963506573,0.05,1.0,0.4140235369783173,0.5,1.0652567421677859,,,-0.40510236814519707,,LearningParams_Fit_alpha_neg-exp_neg_Fix_alpha_pos-beta-exp_pos_
0,1,56.5911151050457,100103.0,0.6105583016720819,0.05,1.0,0.16088057269266454,0.5,0.008666500199714967,,,1.0611688314146468,,LearningParams_Fit_alpha_neg-exp_neg_Fix_alpha_pos-beta-exp_pos_
1,38,56.59111510504588,100103.0,0.924394870200822,0.05,1.0,0.18926971608496868,0.5,0.008666493995452617,,,1.0611690551766677,,LearningParams_Fit_alpha_neg-exp_neg_Fix_alpha_pos-beta-exp_pos_
2,46,56.59111510504604,100103.0,0.2768848186974382,0.05,1.0,0.8412665168859769,0.5,0.008666501987287991,,,1.0611687840443027,,LearningParams_Fit_alpha_neg-exp_neg_Fix_alpha_pos-beta-exp_pos_
3,45,56.59111510504607,100103.0,0.14675216616707354,0.05,1.0,0.8600832483455466,0.5,0.008666503288377253,,,1.0611687648553538,,LearningParams_Fit_alpha_neg-exp_neg_Fix_alpha_pos-beta-exp_pos_
4,42,56.59111510504608,100103.0,0.372163224662309,0.05,1.0,0.8262866710025468,0.5,0.008666489418072847,,,1.0611691210319951,,LearningParams_Fit_alpha_neg-exp_neg_Fix_alpha_pos-beta-exp_pos_
5,13,56.59111510504627,100103.0,0.19379303921195776,0.05,1.0,0.7458417059272746,0.5,0.008666496533353291,,,1.0611690117100228,,LearningParams_Fit_alpha_neg-exp_neg_Fix_alpha_pos-beta-exp_pos_
6,28,56.59111510504676,100103.0,0.7287301752907387,0.05,1.0,0.5433742808063378,0.5,0.008666490216284248,,,1.0611690502457771,,LearningParams_Fit_alpha_neg-exp_neg_Fix_alpha_pos-beta-exp_pos_
7,34,56.59111510504679,100103.0,0.802193595613887,0.05,1.0,0.7704110941541854,0.5,0.008666486393280371,,,1.0611691926851243,,LearningParams_Fit_alpha_neg-exp_neg_Fix_alpha_pos-beta-exp_pos_
8,30,56.59111510504757,100103.0,0.4453497550872494,0.05,1.0,0.632488238840454,0.5,0.008666500480858997,,,1.0611687632726774,,LearningParams_Fit_alpha_neg-exp_neg_Fix_alpha_pos-beta-exp_pos_
9,43,56.5911151050476,100103.0,0.8428884463078812,0.05,1.0,0.4185700212390867,0.5,0.008666497518068986,,,1.0611688339974603,,LearningParams_Fit_alpha_neg-exp_neg_Fix_alpha_pos-beta-exp_pos_
10,36,56.5911151050476,100103.0,0.3480914863474954,0.05,1.0,0.37902835969077053,0.5,0.008666484138549969,,,1.061169248067737,,LearningParams_Fit_alpha_neg-exp_neg_Fix_alpha_pos-beta-exp_pos_
11,49,56.59111510504765,100103.0,0.3109345496501178,0.05,1.0,0.07610196530494184,0.5,0.008666489476616641,,,1.061169201589812,,LearningParams_Fit_alpha_neg-exp_neg_Fix_alpha_pos-beta-exp_pos_
12,40,56.591115105047706,100103.0,0.500272286403895,0.05,1.0,0.01455885175006244,0.5,0.008666483808815614,,,1.0611692554805905,,LearningParams_Fit_alpha_neg-exp_neg_Fix_alpha_pos-beta-exp_pos_
13,26,56.59111510504774,100103.0,0.6798920807196904,0.05,1.0,0.4117167236409216,0.5,0.008666500901301168,,,1.0611689335141037,,LearningParams_Fit_alpha_neg-exp_neg_Fix_alpha_pos-beta-exp_pos_
14,24,56.59111510504789,100103.0,0.9443802951180976,0.05,1.0,0.575933746056491,0.5,0.008666493355094085,,,1.0611691248166757,,LearningParams_Fit_alpha_neg-exp_neg_Fix_alpha_pos-beta-exp_pos_
15,48,56.59111510504807,100103.0,0.21138173786049352,0.05,1.0,0.05904661366583708,0.5,0.008666510597789516,,,1.0611686099411948,,LearningParams_Fit_alpha_neg-exp_neg_Fix_alpha_pos-beta-exp_pos_
16,18,56.591115105048104,100103.0,0.9751387591512182,0.05,1.0,0.9061979040066784,0.5,0.008666486967278378,,,1.0611692627096498,,LearningParams_Fit_alpha_neg-exp_neg_Fix_alpha_pos-beta-exp_pos_
17,23,56.591115105048225,100103.0,0.1518429268343826,0.05,1.0,0.6423319436554141,0.5,0.008666506242671752,,,1.061168631973192,,LearningParams_Fit_alpha_neg-exp_neg_Fix_alpha_pos-beta-exp_pos_
18,15,56.59111510504836,100103.0,0.7648169988892864,0.05,1.0,0.3979542644868173,0.5,0.008666488158238596,,,1.0611690714734694,,LearningParams_Fit_alpha_neg-exp_neg_Fix_alpha_pos-beta-exp_pos_
19,3,56.59111510504864,100103.0,0.9506759117614924,0.05,1.0,0.5508697080841689,0.5,0.008666488466362449,,,1.0611690545590429,,LearningParams_Fit_alpha_neg-exp_neg_Fix_alpha_pos-beta-exp_pos_
20,12,56.59111510504867,100103.0,0.4693429899940488,0.05,1.0,0.21408244234039356,0.5,0.008666506948311687,,,1.0611686072974231,,LearningParams_Fit_alpha_neg-exp_neg_Fix_alpha_pos-beta-exp_pos_
21,27,56.59111510504872,100103.0,0.2278472839504381,0.05,1.0,0.9716389303911408,0.5,0.00866648129665875,,,1.061169341257841,,LearningParams_Fit_alpha_neg-exp_neg_Fix_alpha_pos-beta-exp_pos_
22,37,56.59111510504889,100103.0,0.27405893940346426,0.05,1.0,0.8076728257457115,0.5,0.008666488224457605,,,1.0611692548989669,,LearningParams_Fit_alpha_neg-exp_neg_Fix_alpha_pos-beta-exp_pos_
23,29,56.591115105048935,100103.0,0.5381515486185315,0.05,1.0,0.2396751653585191,0.5,0.008666512906503127,,,1.0611685406987448,,LearningParams_Fit_alpha_neg-exp_neg_Fix_alpha_pos-beta-exp_pos_
24,14,56.591115105048964,100103.0,0.095543871992408,0.05,1.0,0.1991165148909353,0.5,0.008666509407069055,,,1.0611685585534711,,LearningParams_Fit_alpha_neg-exp_neg_Fix_alpha_pos-beta-exp_pos_
25,9,56.59111510504906,100103.0,0.019917344454060012,0.05,1.0,0.9656285206881868,0.5,0.008666495451374226,,,1.0611690970353242,,LearningParams_Fit_alpha_neg-exp_neg_Fix_alpha_pos-beta-exp_pos_
26,6,56.591115105049155,100103.0,0.20740639637036484,0.05,1.0,0.5149896811020594,0.5,0.008666480327262534,,,1.0611693657212775,,LearningParams_Fit_alpha_neg-exp_neg_Fix_alpha_pos-beta-exp_pos_
27,41,56.59111510504928,100103.0,0.6049011447838011,0.05,1.0,0.6765478164367683,0.5,0.008666480147121451,,,1.0611693317181183,,LearningParams_Fit_alpha_neg-exp_neg_Fix_alpha_pos-beta-exp_pos_
28,8,56.5911151050496,100103.0,0.7280530087914029,0.05,1.0,0.6090803238238732,0.5,0.008666502174048334,,,1.0611686908589828,,LearningParams_Fit_alpha_neg-exp_neg_Fix_alpha_pos-beta-exp_pos_
29,5,56.59111510504994,100103.0,0.27465881053435304,0.05,1.0,0.8359587011161314,0.5,0.008666506106934672,,,1.0611688292562014,,LearningParams_Fit_alpha_neg-exp_neg_Fix_alpha_pos-beta-exp_pos_
30,7,56.591115105050186,100103.0,0.4223753193198193,0.05,1.0,0.34080507159460005,0.5,0.008666502012933619,,,1.0611689474851629,,LearningParams_Fit_alpha_neg-exp_neg_Fix_alpha_pos-beta-exp_pos_
31,16,56.591115105050456,100103.0,0.5230973889862027,0.05,1.0,0.4376220259614455,0.5,0.008666497326633011,,,1.0611690718812317,,LearningParams_Fit_alpha_neg-exp_neg_Fix_alpha_pos-beta-exp_pos_
32,19,56.59111510505083,100103.0,0.4522702560858665,0.05,1.0,0.5500028760900212,0.5,0.00866648282379405,,,1.0611691870908582,,LearningParams_Fit_alpha_neg-exp_neg_Fix_alpha_pos-beta-exp_pos_
33,17,56.59111510505105,100103.0,0.9163467624106938,0.05,1.0,0.9929307265554153,0.5,0.008666486974715483,,,1.061169316350926,,LearningParams_Fit_alpha_neg-exp_neg_Fix_alpha_pos-beta-exp_pos_
34,44,56.59111510505127,100103.0,0.4839683137984197,0.05,1.0,0.4546849113930309,0.5,0.008666483060196014,,,1.0611691709744089,,LearningParams_Fit_alpha_neg-exp_neg_Fix_alpha_pos-beta-exp_pos_
35,39,56.591115105051536,100103.0,0.7528144901395106,0.05,1.0,0.012005291111336523,0.5,0.008666484878489648,,,1.0611691115952788,,LearningParams_Fit_alpha_neg-exp_neg_Fix_alpha_pos-beta-exp_pos_
36,33,56.591115105052,100103.0,0.6150843440673596,0.05,1.0,0.19936421453321784,0.5,0.008666478168447534,,,1.0611694883897729,,LearningParams_Fit_alpha_neg-exp_neg_Fix_alpha_pos-beta-exp_pos_
37,11,56.59111510505208,100103.0,0.7419425086891641,0.05,1.0,0.051824089298783134,0.5,0.008666511399035624,,,1.0611687039243098,,LearningParams_Fit_alpha_neg-exp_neg_Fix_alpha_pos-beta-exp_pos_
38,2,56.59111510505233,100103.0,0.4749909506714025,0.05,1.0,0.08322478694895374,0.5,0.008666491996935298,,,1.06116890199224,,LearningParams_Fit_alpha_neg-exp_neg_Fix_alpha_pos-beta-exp_pos_
39,35,56.59111510505311,100103.0,0.229419795799682,0.05,1.0,0.4076705517265531,0.5,0.00866649181645297,,,1.0611688986011147,,LearningParams_Fit_alpha_neg-exp_neg_Fix_alpha_pos-beta-exp_pos_
40,21,56.59111510505365,100103.0,0.7811073805213775,0.05,1.0,0.17297290590549574,0.5,0.008666507842694408,,,1.0611688310393217,,LearningParams_Fit_alpha_neg-exp_neg_Fix_alpha_pos-beta-exp_pos_
41,20,56.59111510505378,100103.0,0.7156211248937578,0.05,1.0,0.828830993929455,0.5,0.008666496737272059,,,1.0611691253905358,,LearningParams_Fit_alpha_neg-exp_neg_Fix_alpha_pos-beta-exp_pos_
42,4,56.59111510505421,100103.0,0.8543276254248509,0.05,1.0,0.2708498591386638,0.5,0.008666498001180566,,,1.0611687308707858,,LearningParams_Fit_alpha_neg-exp_neg_Fix_alpha_pos-beta-exp_pos_
43,32,56.59111510505437,100103.0,0.6078869600252561,0.05,1.0,0.8171403320311489,0.5,0.008666507323857193,,,1.061168852887978,,LearningParams_Fit_alpha_neg-exp_neg_Fix_alpha_pos-beta-exp_pos_
44,0,56.59111510505807,100103.0,0.1613839972282778,0.05,1.0,0.8452644355666616,0.5,0.00866647635572566,,,1.0611696107753028,,LearningParams_Fit_alpha_neg-exp_neg_Fix_alpha_pos-beta-exp_pos_
45,47,56.59111510506076,100103.0,0.6545216274572069,0.05,1.0,0.8319512748057931,0.5,0.008666482610366733,,,1.061169075379183,,LearningParams_Fit_alpha_neg-exp_neg_Fix_alpha_pos-beta-exp_pos_
46,25,56.59111510506215,100103.0,0.2099532846279225,0.05,1.0,0.6323215069632118,0.5,0.008666512268535953,,,1.0611683361122866,,LearningParams_Fit_alpha_neg-exp_neg_Fix_alpha_pos-beta-exp_pos_
47,10,,100103.0,0.6329194369095844,0.05,1.0,0.7058893729720925,0.5,inf,,,inf,,LearningParams_Fit_alpha_neg-exp_neg_Fix_alpha_pos-beta-exp_pos_
48,22,,100103.0,0.5562398157905184,0.05,1.0,0.5020154666391696,0.5,inf,,,inf,,LearningParams_Fit_alpha_neg-exp_neg_Fix_alpha_pos-beta-exp_pos_
49,31,,100103.0,0.4562249484936809,0.05,1.0,0.7463148260009397,0.5,inf,,,inf,,LearningParams_Fit_alpha_neg-exp_neg_Fix_alpha_pos-beta-exp_pos_
0,47,81.9283529875889,408511.0,0.78347369481971,0.05,1.0,0.0564494091540686,0.5,0.04881556021346197,,,0.15075192300677115,,LearningParams_Fit_alpha_neg-exp_neg_Fix_alpha_pos-beta-exp_pos_
1,2,81.92835298758911,408511.0,0.33181430942664397,0.05,1.0,0.09130759398967003,0.5,0.048815517893075054,,,0.1507522613700371,,LearningParams_Fit_alpha_neg-exp_neg_Fix_alpha_pos-beta-exp_pos_
2,1,81.92835298758914,408511.0,0.18381104338096632,0.05,1.0,0.6728767589339222,0.5,0.04881549722447933,,,0.1507523475302977,,LearningParams_Fit_alpha_neg-exp_neg_Fix_alpha_pos-beta-exp_pos_
3,38,81.92835298758925,408511.0,0.922218341577958,0.05,1.0,0.20714505380990603,0.5,0.048815519494472735,,,0.15075204731555053,,LearningParams_Fit_alpha_neg-exp_neg_Fix_alpha_pos-beta-exp_pos_
4,7,81.92835298758929,408511.0,0.20376084200860395,0.05,1.0,0.3129286165208591,0.5,0.04881550670895399,,,0.15075232309100547,,LearningParams_Fit_alpha_neg-exp_neg_Fix_alpha_pos-beta-exp_pos_
5,14,81.92835298758929,408511.0,0.3099352909869529,0.05,1.0,0.6731313912343795,0.5,0.04881548349689451,,,0.15075239357832526,,LearningParams_Fit_alpha_neg-exp_neg_Fix_alpha_pos-beta-exp_pos_
6,46,81.9283529875895,408511.0,0.6756228058842016,0.05,1.0,0.8551709029034406,0.5,0.04881554198749557,,,0.15075191924603482,,LearningParams_Fit_alpha_neg-exp_neg_Fix_alpha_pos-beta-exp_pos_
7,27,81.92835298758956,408511.0,0.7279837529020784,0.05,1.0,0.07436913697137648,0.5,0.04881557530488531,,,0.1507518488849262,,LearningParams_Fit_alpha_neg-exp_neg_Fix_alpha_pos-beta-exp_pos_
8,40,81.92835298758958,408511.0,0.3875662970297337,0.05,1.0,0.9523469604495971,0.5,0.04881547251722728,,,0.1507524005985177,,LearningParams_Fit_alpha_neg-exp_neg_Fix_alpha_pos-beta-exp_pos_
9,42,81.92835298758966,408511.0,0.8832118396726444,0.05,1.0,0.02624905803478772,0.5,0.04881549178466394,,,0.15075220022008426,,LearningParams_Fit_alpha_neg-exp_neg_Fix_alpha_pos-beta-exp_pos_
10,22,81.92835298758978,408511.0,0.15396774537330704,0.05,1.0,0.8728879413873227,0.5,0.048815473312324865,,,0.1507523527853352,,LearningParams_Fit_alpha_neg-exp_neg_Fix_alpha_pos-beta-exp_pos_
11,32,81.92835298759003,408511.0,0.06625758683243899,0.05,1.0,0.5706035267045847,0.5,0.0488154702276804,,,0.15075248246039488,,LearningParams_Fit_alpha_neg-exp_neg_Fix_alpha_pos-beta-exp_pos_
12,13,81.92835298759012,408511.0,0.6707150448471441,0.05,1.0,0.07752820957103812,0.5,0.048815574060992885,,,0.15075177445850216,,LearningParams_Fit_alpha_neg-exp_neg_Fix_alpha_pos-beta-exp_pos_
13,21,81.92835298759019,408511.0,0.125155640638122,0.05,1.0,0.2868769731094813,0.5,0.04881558447425953,,,0.15075183752966942,,LearningParams_Fit_alpha_neg-exp_neg_Fix_alpha_pos-beta-exp_pos_
14,44,81.92835298759022,408511.0,0.4621491227248488,0.05,1.0,0.20511293482624715,0.5,0.048815485034149536,,,0.15075221969744054,,LearningParams_Fit_alpha_neg-exp_neg_Fix_alpha_pos-beta-exp_pos_
15,11,81.92835298759023,408511.0,0.2837068604392279,0.05,1.0,0.9667066634939316,0.5,0.04881546517784746,,,0.15075249723562656,,LearningParams_Fit_alpha_neg-exp_neg_Fix_alpha_pos-beta-exp_pos_
16,35,81.92835298759023,408511.0,0.14416594589437814,0.05,1.0,0.9361695861107596,0.5,0.04881546205192629,,,0.15075245950950136,,LearningParams_Fit_alpha_neg-exp_neg_Fix_alpha_pos-beta-exp_pos_
17,5,81.92835298759047,408511.0,0.9291664555752364,0.05,1.0,0.6615132996284168,0.5,0.04881555568654445,,,0.15075181875194651,,LearningParams_Fit_alpha_neg-exp_neg_Fix_alpha_pos-beta-exp_pos_
18,45,81.92835298759051,408511.0,0.7661696431367538,0.05,1.0,0.3575500714080497,0.5,0.04881546027529765,,,0.1507525207244109,,LearningParams_Fit_alpha_neg-exp_neg_Fix_alpha_pos-beta-exp_pos_
19,29,81.92835298759059,408511.0,0.3121442716976427,0.05,1.0,0.07498680278057701,0.5,0.04881546183560863,,,0.15075239702129212,,LearningParams_Fit_alpha_neg-exp_neg_Fix_alpha_pos-beta-exp_pos_
20,19,81.92835298759069,408511.0,0.8286354906431629,0.05,1.0,0.989925434232198,0.5,0.04881558416193593,,,0.15075172380113622,,LearningParams_Fit_alpha_neg-exp_neg_Fix_alpha_pos-beta-exp_pos_
21,28,81.92835298759104,408511.0,0.33401231436906065,0.05,1.0,0.7209925423912363,0.5,0.04881552416589549,,,0.1507523069367819,,LearningParams_Fit_alpha_neg-exp_neg_Fix_alpha_pos-beta-exp_pos_
22,31,81.92835298759115,408511.0,0.4237654627611816,0.05,1.0,0.8715102655695693,0.5,0.048815448809481264,,,0.15075250152769976,,LearningParams_Fit_alpha_neg-exp_neg_Fix_alpha_pos-beta-exp_pos_
23,20,81.9283529875912,408511.0,0.053038835838456366,0.05,1.0,0.4530416709631108,0.5,0.04881547388687213,,,0.15075253573127825,,LearningParams_Fit_alpha_neg-exp_neg_Fix_alpha_pos-beta-exp_pos_
24,39,81.92835298759131,408511.0,0.6761634412484425,0.05,1.0,0.8363393949591723,0.5,0.048815601500056864,,,0.15075168042080486,,LearningParams_Fit_alpha_neg-exp_neg_Fix_alpha_pos-beta-exp_pos_
25,12,81.92835298759134,408511.0,0.2648583569132461,0.05,1.0,0.6783255564266698,0.5,0.04881549396446913,,,0.1507521156036246,,LearningParams_Fit_alpha_neg-exp_neg_Fix_alpha_pos-beta-exp_pos_
26,24,81.92835298759167,408511.0,0.6201474752604318,0.05,1.0,0.9281042268587528,0.5,0.0488155473586086,,,0.1507521946087844,,LearningParams_Fit_alpha_neg-exp_neg_Fix_alpha_pos-beta-exp_pos_
27,4,81.928352987592,408511.0,0.8176205713780736,0.05,1.0,0.6130360347174071,0.5,0.04881554103598679,,,0.1507518341853822,,LearningParams_Fit_alpha_neg-exp_neg_Fix_alpha_pos-beta-exp_pos_
28,37,81.92835298759212,408511.0,0.16374788776393856,0.05,1.0,0.3412326341691988,0.5,0.048815546824511655,,,0.15075221216339432,,LearningParams_Fit_alpha_neg-exp_neg_Fix_alpha_pos-beta-exp_pos_
29,17,81.92835298759223,408511.0,0.18787983127011165,0.05,1.0,0.2941670937697084,0.5,0.048815596858640266,,,0.15075186574761618,,LearningParams_Fit_alpha_neg-exp_neg_Fix_alpha_pos-beta-exp_pos_
30,49,81.92835298759232,408511.0,0.501523956521426,0.05,1.0,0.4064010601227949,0.5,0.048815516920431616,,,0.15075195127331975,,LearningParams_Fit_alpha_neg-exp_neg_Fix_alpha_pos-beta-exp_pos_
31,36,81.92835298759238,408511.0,0.40613062321933535,0.05,1.0,0.4890111042390075,0.5,0.04881558789971045,,,0.15075194452760868,,LearningParams_Fit_alpha_neg-exp_neg_Fix_alpha_pos-beta-exp_pos_
32,16,81.92835298759249,408511.0,0.7655959551526952,0.05,1.0,0.4094883675172392,0.5,0.04881549000120315,,,0.15075210540610948,,LearningParams_Fit_alpha_neg-exp_neg_Fix_alpha_pos-beta-exp_pos_
33,15,81.92835298759252,408511.0,0.5270336770113998,0.05,1.0,0.9284115962128141,0.5,0.04881543398718828,,,0.15075256013537885,,LearningParams_Fit_alpha_neg-exp_neg_Fix_alpha_pos-beta-exp_pos_
34,8,81.92835298759259,408511.0,0.2327108470595584,0.05,1.0,0.7591609988787447,0.5,0.04881561176964594,,,0.1507515784874584,,LearningParams_Fit_alpha_neg-exp_neg_Fix_alpha_pos-beta-exp_pos_
35,23,81.92835298759259,408511.0,0.967982597116072,0.05,1.0,0.1308749891707064,0.5,0.04881558267182367,,,0.15075199121584298,,LearningParams_Fit_alpha_neg-exp_neg_Fix_alpha_pos-beta-exp_pos_
36,30,81.9283529875929,408511.0,0.2820248147624579,0.05,1.0,0.9704314054637602,0.5,0.04881547196116573,,,0.15075221364560148,,LearningParams_Fit_alpha_neg-exp_neg_Fix_alpha_pos-beta-exp_pos_
37,6,81.92835298759293,408511.0,0.2247989478264113,0.05,1.0,0.7314752552202455,0.5,0.048815505286844564,,,0.15075245520466612,,LearningParams_Fit_alpha_neg-exp_neg_Fix_alpha_pos-beta-exp_pos_
38,18,81.92835298759313,408511.0,0.6870363408457368,0.05,1.0,0.20628422897951335,0.5,0.04881546304035246,,,0.1507526386762745,,LearningParams_Fit_alpha_neg-exp_neg_Fix_alpha_pos-beta-exp_pos_
39,26,81.92835298759323,408511.0,0.5738318969391322,0.05,1.0,0.5813329953955532,0.5,0.04881547372169615,,,0.15075219012987545,,LearningParams_Fit_alpha_neg-exp_neg_Fix_alpha_pos-beta-exp_pos_
40,34,81.92835298759401,408511.0,0.7390276822883817,0.05,1.0,0.5904907696773213,0.5,0.0488155545538885,,,0.15075221190467092,,LearningParams_Fit_alpha_neg-exp_neg_Fix_alpha_pos-beta-exp_pos_
41,43,81.92835298759456,408511.0,0.2513757782113057,0.05,1.0,0.7696883849814585,0.5,0.048815468240781236,,,0.1507521922869791,,LearningParams_Fit_alpha_neg-exp_neg_Fix_alpha_pos-beta-exp_pos_
42,33,81.92835298759519,408511.0,0.7643781788846978,0.05,1.0,0.2423004212905848,0.5,0.048815518139196996,,,0.15075187805371645,,LearningParams_Fit_alpha_neg-exp_neg_Fix_alpha_pos-beta-exp_pos_
43,0,81.92835298759556,408511.0,0.2051673391979899,0.05,1.0,0.7525032677779282,0.5,0.048815574944716944,,,0.1507521193549847,,LearningParams_Fit_alpha_neg-exp_neg_Fix_alpha_pos-beta-exp_pos_
44,48,81.92835298759711,408511.0,0.2665566463209269,0.05,1.0,0.7394637165756998,0.5,0.048815426398036176,,,0.15075286677104532,,LearningParams_Fit_alpha_neg-exp_neg_Fix_alpha_pos-beta-exp_pos_
45,9,81.92835298759896,408511.0,0.2734917177981795,0.05,1.0,0.8697621834485427,0.5,0.04881547794291048,,,0.1507527087382377,,LearningParams_Fit_alpha_neg-exp_neg_Fix_alpha_pos-beta-exp_pos_
46,25,81.92835298760166,408511.0,0.33608273927429066,0.05,1.0,0.9979025416965734,0.5,0.04881546926898328,,,0.15075204985233676,,LearningParams_Fit_alpha_neg-exp_neg_Fix_alpha_pos-beta-exp_pos_
47,3,81.92835298760372,408511.0,0.030758000495109124,0.05,1.0,0.955909036293766,0.5,0.048815458984532434,,,0.15075208344902807,,LearningParams_Fit_alpha_neg-exp_neg_Fix_alpha_pos-beta-exp_pos_
48,41,81.9283529876039,408511.0,0.2000475913754748,0.05,1.0,0.07729284737363884,0.5,0.04881567035110936,,,0.15075158957291612,,LearningParams_Fit_alpha_neg-exp_neg_Fix_alpha_pos-beta-exp_pos_
49,10,165.38354161093173,408511.0,0.7547515719216119,0.05,1.0,0.28750813040013434,0.5,1.0974024261316428,,,-0.6244452242869305,,LearningParams_Fit_alpha_neg-exp_neg_Fix_alpha_pos-beta-exp_pos_
0,32,72.19362994147184,200213.0,0.13011572315012945,0.05,1.0,0.34818418174768795,0.5,0.0015094853236549991,,,1.1237141752021125,,LearningParams_Fit_alpha_neg-exp_neg_Fix_alpha_pos-beta-exp_pos_
1,39,72.19362994147204,200213.0,0.9704973928101592,0.05,1.0,0.2377819677046724,0.5,0.0015094856825361824,,,1.1237141321393826,,LearningParams_Fit_alpha_neg-exp_neg_Fix_alpha_pos-beta-exp_pos_
2,0,72.19362994147309,200213.0,0.4461935535777726,0.05,1.0,0.07687944012864889,0.5,0.001509483219497104,,,1.1237143680191992,,LearningParams_Fit_alpha_neg-exp_neg_Fix_alpha_pos-beta-exp_pos_
3,5,72.19362994147329,200213.0,0.6913802403737722,0.05,1.0,0.13051040162115235,0.5,0.0015094857499375887,,,1.1237141514178255,,LearningParams_Fit_alpha_neg-exp_neg_Fix_alpha_pos-beta-exp_pos_
4,14,72.19362994147339,200213.0,0.3986737164363517,0.05,1.0,0.22358498416805608,0.5,0.0015094850803270027,,,1.1237142402587503,,LearningParams_Fit_alpha_neg-exp_neg_Fix_alpha_pos-beta-exp_pos_
5,34,72.19362994147343,200213.0,0.058615503970232186,0.05,1.0,0.5010898005006023,0.5,0.0015094864663206212,,,1.1237140227248474,,LearningParams_Fit_alpha_neg-exp_neg_Fix_alpha_pos-beta-exp_pos_
6,12,72.19362994147349,200213.0,0.5066115193113728,0.05,1.0,0.06174000060070695,0.5,0.0015094831432119345,,,1.1237144798554892,,LearningParams_Fit_alpha_neg-exp_neg_Fix_alpha_pos-beta-exp_pos_
7,38,72.19362994147353,200213.0,0.06329776710576529,0.05,1.0,0.878400684079983,0.5,0.001509481512469924,,,1.123714585130105,,LearningParams_Fit_alpha_neg-exp_neg_Fix_alpha_pos-beta-exp_pos_
8,43,72.1936299414742,200213.0,0.7642479079095605,0.05,1.0,0.01731841643628706,0.5,0.00150948530692316,,,1.12371421944017,,LearningParams_Fit_alpha_neg-exp_neg_Fix_alpha_pos-beta-exp_pos_
9,49,72.19362994147424,200213.0,0.5365588269134847,0.05,1.0,0.1629726240857241,0.5,0.0015094855976720324,,,1.1237141816057965,,LearningParams_Fit_alpha_neg-exp_neg_Fix_alpha_pos-beta-exp_pos_
10,40,72.19362994147474,200213.0,0.06588898711614942,0.05,1.0,0.2198730036542488,0.5,0.001509482751626527,,,1.1237144097402516,,LearningParams_Fit_alpha_neg-exp_neg_Fix_alpha_pos-beta-exp_pos_
11,29,72.19362994147505,200213.0,0.6858003845308964,0.05,1.0,0.1994409080899241,0.5,0.0015094852207603875,,,1.1237141151499292,,LearningParams_Fit_alpha_neg-exp_neg_Fix_alpha_pos-beta-exp_pos_
12,9,72.19362994147532,200213.0,0.0893752681606389,0.05,1.0,0.6359401619044127,0.5,0.0015094802668791825,,,1.1237147496777258,,LearningParams_Fit_alpha_neg-exp_neg_Fix_alpha_pos-beta-exp_pos_
13,24,72.19362994147575,200213.0,0.24832491607792814,0.05,1.0,0.14106179171496058,0.5,0.0015094799055261265,,,1.1237148179339531,,LearningParams_Fit_alpha_neg-exp_neg_Fix_alpha_pos-beta-exp_pos_
14,17,72.19362994147606,200213.0,0.0596193618700035,0.05,1.0,0.4792890413666368,0.5,0.0015094815996308675,,,1.1237146759084489,,LearningParams_Fit_alpha_neg-exp_neg_Fix_alpha_pos-beta-exp_pos_
15,3,72.19362994147623,200213.0,0.5900580383362122,0.05,1.0,0.0794945464246678,0.5,0.0015094869385764546,,,1.1237140205177427,,LearningParams_Fit_alpha_neg-exp_neg_Fix_alpha_pos-beta-exp_pos_
16,42,72.19362994147677,200213.0,0.5239378814902134,0.05,1.0,0.0013372390073916884,0.5,0.0015094825558800119,,,1.123714573759352,,LearningParams_Fit_alpha_neg-exp_neg_Fix_alpha_pos-beta-exp_pos_
17,37,72.1936299414777,200213.0,0.011178013500097506,0.05,1.0,0.195869097408812,0.5,0.0015094877492303313,,,1.1237138327268459,,LearningParams_Fit_alpha_neg-exp_neg_Fix_alpha_pos-beta-exp_pos_
18,47,72.19362994148729,200213.0,0.07971626749418281,0.05,1.0,0.9337477871474399,0.5,0.0015094820594184332,,,1.1237144228248432,,LearningParams_Fit_alpha_neg-exp_neg_Fix_alpha_pos-beta-exp_pos_
19,8,72.19362994149654,200213.0,0.5667688638379524,0.05,1.0,0.28849218044113645,0.5,0.0015094781717001327,,,1.1237151520000002,,LearningParams_Fit_alpha_neg-exp_neg_Fix_alpha_pos-beta-exp_pos_
20,48,72.19362994150515,200213.0,0.4336352110662101,0.05,1.0,0.08770689760025896,0.5,0.0015094874595412279,,,1.1237140938664223,,LearningParams_Fit_alpha_neg-exp_neg_Fix_alpha_pos-beta-exp_pos_
21,7,109.42222378857605,200213.0,0.3669935981999962,0.05,1.0,0.6887165232687074,0.5,2.889666914713662,,,-30.283047123302122,,LearningParams_Fit_alpha_neg-exp_neg_Fix_alpha_pos-beta-exp_pos_
22,35,109.42222378857605,200213.0,0.113397495487494,0.05,1.0,0.7209481646205738,0.5,0.8928793105078505,,,-31.70028089212112,,LearningParams_Fit_alpha_neg-exp_neg_Fix_alpha_pos-beta-exp_pos_
23,36,109.42222378857605,200213.0,0.18472410643249396,0.05,1.0,0.6985382721683785,0.5,1.4544971392583823,,,-30.714912012139678,,LearningParams_Fit_alpha_neg-exp_neg_Fix_alpha_pos-beta-exp_pos_
24,2,109.42222378857605,200213.0,0.5072072321555953,0.05,1.0,0.5471834363612026,0.5,5.045591299437698,,,-30.151116522622576,,LearningParams_Fit_alpha_neg-exp_neg_Fix_alpha_pos-beta-exp_pos_
25,11,109.42222378857605,200213.0,0.4700013315922191,0.05,1.0,0.383301166255283,0.5,4.562719225773222,,,-31.877219032567854,,LearningParams_Fit_alpha_neg-exp_neg_Fix_alpha_pos-beta-exp_pos_
26,41,109.42222378857605,200213.0,0.2653428416507543,0.05,1.0,0.5190685142386333,0.5,2.6395750066717927,,,-28.601917046521287,,LearningParams_Fit_alpha_neg-exp_neg_Fix_alpha_pos-beta-exp_pos_
27,1,109.42222378857605,200213.0,0.6784337153720329,0.05,1.0,0.4991354518770684,0.5,0.4896418527221673,,,-24.312597226641888,,LearningParams_Fit_alpha_neg-exp_neg_Fix_alpha_pos-beta-exp_pos_
28,44,109.42222378857605,200213.0,0.3197168579458828,0.05,1.0,0.4550141980670921,0.5,3.1804763309061386,,,-25.072370970513703,,LearningParams_Fit_alpha_neg-exp_neg_Fix_alpha_pos-beta-exp_pos_
29,45,109.42222378857605,200213.0,0.3109878418556368,0.05,1.0,0.9334701146759302,0.5,1.9056736661756823,,,-29.99146496079072,,LearningParams_Fit_alpha_neg-exp_neg_Fix_alpha_pos-beta-exp_pos_
30,46,109.42222378857605,200213.0,0.2652608431827994,0.05,1.0,0.8953183249953297,0.5,1.625467415397143,,,-28.76568596111219,,LearningParams_Fit_alpha_neg-exp_neg_Fix_alpha_pos-beta-exp_pos_
31,4,109.42222378857605,200213.0,0.33374073449859243,0.05,1.0,0.7085464588659274,0.5,2.0450990150262283,,,-22.764891944663077,,LearningParams_Fit_alpha_neg-exp_neg_Fix_alpha_pos-beta-exp_pos_
32,33,109.42222378857605,200213.0,0.6515084250631529,0.05,1.0,0.43731402715458056,0.5,6.82855110333988,,,-33.987264662456234,,LearningParams_Fit_alpha_neg-exp_neg_Fix_alpha_pos-beta-exp_pos_
33,31,109.42222378857605,200213.0,0.3605908116776381,0.05,1.0,0.7264219503453107,0.5,2.8392520833205013,,,-31.940964693721014,,LearningParams_Fit_alpha_neg-exp_neg_Fix_alpha_pos-beta-exp_pos_
34,13,109.42222378857605,200213.0,0.6025975554423773,0.05,1.0,0.5032648785969068,0.5,6.078312976383923,,,-28.11798378665069,,LearningParams_Fit_alpha_neg-exp_neg_Fix_alpha_pos-beta-exp_pos_
35,30,109.42222378857605,200213.0,0.2483562570700547,0.05,1.0,0.9940306330048116,0.5,1.345762277842831,,,-25.6994777220306,,LearningParams_Fit_alpha_neg-exp_neg_Fix_alpha_pos-beta-exp_pos_
36,28,109.42222378857605,200213.0,0.8281321128343159,0.05,1.0,0.9971463178615086,0.5,7.49354428155432,,,-33.07137035860595,,LearningParams_Fit_alpha_neg-exp_neg_Fix_alpha_pos-beta-exp_pos_
37,26,109.42222378857605,200213.0,0.37725458289269376,0.05,1.0,0.9855053594162758,0.5,2.0442206400989376,,,-25.47906693046321,,LearningParams_Fit_alpha_neg-exp_neg_Fix_alpha_pos-beta-exp_pos_
38,25,109.42222378857605,200213.0,0.7169036981711601,0.05,1.0,0.5888245720338396,0.5,4.3622959942572574,,,-30.22705639479877,,LearningParams_Fit_alpha_neg-exp_neg_Fix_alpha_pos-beta-exp_pos_
39,23,109.42222378857605,200213.0,0.4779675579094727,0.05,1.0,0.5120539175793821,0.5,2.908390581011793,,,-26.286067835769835,,LearningParams_Fit_alpha_neg-exp_neg_Fix_alpha_pos-beta-exp_pos_
40,22,109.42222378857605,200213.0,0.1438184503952724,0.05,1.0,0.4104039990468469,0.5,1.905493520949037,,,-30.900445298449444,,LearningParams_Fit_alpha_neg-exp_neg_Fix_alpha_pos-beta-exp_pos_
41,21,109.42222378857605,200213.0,0.7205691981030837,0.05,1.0,0.7145562871479203,0.5,4.415509420846825,,,-22.957981741011128,,LearningParams_Fit_alpha_neg-exp_neg_Fix_alpha_pos-beta-exp_pos_
42,20,109.42222378857605,200213.0,0.7345007571729549,0.05,1.0,0.6291383281421308,0.5,3.8913824561712285,,,-33.33418238883961,,LearningParams_Fit_alpha_neg-exp_neg_Fix_alpha_pos-beta-exp_pos_
43,18,109.42222378857605,200213.0,0.5916324112760214,0.05,1.0,0.9804395228082065,0.5,5.353522226213372,,,-32.51727253282438,,LearningParams_Fit_alpha_neg-exp_neg_Fix_alpha_pos-beta-exp_pos_
44,16,109.42222378857605,200213.0,0.983719324285135,0.05,1.0,0.7558744725717806,0.5,8.335916510403349,,,-26.76430449355684,,LearningParams_Fit_alpha_neg-exp_neg_Fix_alpha_pos-beta-exp_pos_
45,15,109.42222378857605,200213.0,0.553469924222739,0.05,1.0,0.7861129337204903,0.5,5.008200166851129,,,-26.07223384278845,,LearningParams_Fit_alpha_neg-exp_neg_Fix_alpha_pos-beta-exp_pos_
46,6,109.42222378857605,200213.0,0.6267150931936983,0.05,1.0,0.34663012579085883,0.5,6.0840785176290675,,,-28.827474101037826,,LearningParams_Fit_alpha_neg-exp_neg_Fix_alpha_pos-beta-exp_pos_
47,10,109.42222378857605,200213.0,0.4703949129006461,0.05,1.0,0.99526644626149,0.5,4.256476780709079,,,-33.00902250774684,,LearningParams_Fit_alpha_neg-exp_neg_Fix_alpha_pos-beta-exp_pos_
48,27,253.4752091359465,200213.0,0.5997716580933102,0.05,1.0,0.8426849994998789,0.5,0.7230521153527734,,,-0.4631103414330076,,LearningParams_Fit_alpha_neg-exp_neg_Fix_alpha_pos-beta-exp_pos_
49,19,261.9449521826768,200213.0,0.6138555454881272,0.05,1.0,0.4087970411993216,0.5,0.7554743537700608,,,-0.2677929980134899,,LearningParams_Fit_alpha_neg-exp_neg_Fix_alpha_pos-beta-exp_pos_
0,23,93.01730319932108,100188.0,0.6530989353271648,0.05,1.0,0.24571752582614406,0.5,0.13062358449759331,,,-0.3998535202060682,,LearningParams_Fit_alpha_neg-exp_neg_Fix_alpha_pos-beta-exp_pos_
1,8,93.01730319932112,100188.0,0.7209899010200725,0.05,1.0,0.5675668603484979,0.5,0.13062357274182146,,,-0.3998532759234684,,LearningParams_Fit_alpha_neg-exp_neg_Fix_alpha_pos-beta-exp_pos_
2,2,93.01730319932116,100188.0,0.6501613148561892,0.05,1.0,0.4567824684691886,0.5,0.1306235858179519,,,-0.3998535340507435,,LearningParams_Fit_alpha_neg-exp_neg_Fix_alpha_pos-beta-exp_pos_
3,43,93.01730319932116,100188.0,0.6181834627876494,0.05,1.0,0.7389576116883845,0.5,0.13062355471720072,,,-0.3998533597916769,,LearningParams_Fit_alpha_neg-exp_neg_Fix_alpha_pos-beta-exp_pos_
4,38,93.01730319932116,100188.0,0.7570281735733716,0.05,1.0,0.4961913120790057,0.5,0.13062365780238078,,,-0.3998536792728776,,LearningParams_Fit_alpha_neg-exp_neg_Fix_alpha_pos-beta-exp_pos_
5,25,93.01730319932119,100188.0,0.4929675919625952,0.05,1.0,0.6058023540479419,0.5,0.13062363641328456,,,-0.3998537019204128,,LearningParams_Fit_alpha_neg-exp_neg_Fix_alpha_pos-beta-exp_pos_
6,35,93.01730319932119,100188.0,0.8987961388199137,0.05,1.0,0.6135544622691727,0.5,0.13062353315669065,,,-0.3998532450118843,,LearningParams_Fit_alpha_neg-exp_neg_Fix_alpha_pos-beta-exp_pos_
7,19,93.01730319932122,100188.0,0.11863648447590648,0.05,1.0,0.90647843364353,0.5,0.13062363663458432,,,-0.3998535374862456,,LearningParams_Fit_alpha_neg-exp_neg_Fix_alpha_pos-beta-exp_pos_
8,45,93.01730319932128,100188.0,0.7132019064446933,0.05,1.0,0.0017182212423880738,0.5,0.1306236617480762,,,-0.39985374915932426,,LearningParams_Fit_alpha_neg-exp_neg_Fix_alpha_pos-beta-exp_pos_
9,27,93.01730319932128,100188.0,0.18204008336742594,0.05,1.0,0.2457704925383293,0.5,0.13062365744723795,,,-0.3998537572099748,,LearningParams_Fit_alpha_neg-exp_neg_Fix_alpha_pos-beta-exp_pos_
10,7,93.01730319932129,100188.0,0.2491953223262211,0.05,1.0,0.4937416471961895,0.5,0.13062363923076833,,,-0.3998536961393732,,LearningParams_Fit_alpha_neg-exp_neg_Fix_alpha_pos-beta-exp_pos_
11,34,93.01730319932129,100188.0,0.6267836065996192,0.05,1.0,0.4192213630302716,0.5,0.13062366175634185,,,-0.39985364098724896,,LearningParams_Fit_alpha_neg-exp_neg_Fix_alpha_pos-beta-exp_pos_
12,49,93.01730319932129,100188.0,0.08514988698744319,0.05,1.0,0.5388195948543999,0.5,0.13062363671059418,,,-0.3998536902069509,,LearningParams_Fit_alpha_neg-exp_neg_Fix_alpha_pos-beta-exp_pos_
13,15,93.0173031993214,100188.0,0.09677191626254343,0.05,1.0,0.4233231995460388,0.5,0.13062357647346828,,,-0.39985326813664057,,LearningParams_Fit_alpha_neg-exp_neg_Fix_alpha_pos-beta-exp_pos_
14,42,93.0173031993214,100188.0,0.3071915867488753,0.05,1.0,0.5717229090335147,0.5,0.13062367940443764,,,-0.3998536880675426,,LearningParams_Fit_alpha_neg-exp_neg_Fix_alpha_pos-beta-exp_pos_
15,28,93.01730319932145,100188.0,0.18263612760235606,0.05,1.0,0.9110187311020044,0.5,0.13062359154824665,,,-0.3998533121524395,,LearningParams_Fit_alpha_neg-exp_neg_Fix_alpha_pos-beta-exp_pos_
16,36,93.01730319932145,100188.0,0.6838320725400467,0.05,1.0,0.8203446785037843,0.5,0.13062350921034455,,,-0.3998531706460361,,LearningParams_Fit_alpha_neg-exp_neg_Fix_alpha_pos-beta-exp_pos_
17,20,93.01730319932145,100188.0,0.3932812252933841,0.05,1.0,0.25390822029564264,0.5,0.13062352071174504,,,-0.3998532714598501,,LearningParams_Fit_alpha_neg-exp_neg_Fix_alpha_pos-beta-exp_pos_
18,47,93.01730319932145,100188.0,0.4943353634263104,0.05,1.0,0.9271376824423574,0.5,0.13062366561271924,,,-0.399853593135012,,LearningParams_Fit_alpha_neg-exp_neg_Fix_alpha_pos-beta-exp_pos_
19,6,93.01730319932146,100188.0,0.127145532188921,0.05,1.0,0.5260884986145421,0.5,0.13062362494541618,,,-0.3998537008555434,,LearningParams_Fit_alpha_neg-exp_neg_Fix_alpha_pos-beta-exp_pos_
20,13,93.01730319932147,100188.0,0.4048300506600924,0.05,1.0,0.7383861906246116,0.5,0.1306235373874796,,,-0.3998533768720658,,LearningParams_Fit_alpha_neg-exp_neg_Fix_alpha_pos-beta-exp_pos_
21,11,93.01730319932159,100188.0,0.9378136756580314,0.05,1.0,0.9549327103723809,0.5,0.1306235127946639,,,-0.399853232160196,,LearningParams_Fit_alpha_neg-exp_neg_Fix_alpha_pos-beta-exp_pos_
22,24,93.01730319932159,100188.0,0.5041860424193818,0.05,1.0,0.9906927240383064,0.5,0.1306236896774335,,,-0.3998537618405224,,LearningParams_Fit_alpha_neg-exp_neg_Fix_alpha_pos-beta-exp_pos_
23,29,93.01730319932163,100188.0,0.17158789093563465,0.05,1.0,0.6235389071090317,0.5,0.13062360319091645,,,-0.3998536563446562,,LearningParams_Fit_alpha_neg-exp_neg_Fix_alpha_pos-beta-exp_pos_
24,37,93.0173031993217,100188.0,0.331448384535593,0.05,1.0,0.3689827523661918,0.5,0.13062354251357386,,,-0.3998534544553557,,LearningParams_Fit_alpha_neg-exp_neg_Fix_alpha_pos-beta-exp_pos_
25,44,93.01730319932186,100188.0,0.16657615772059942,0.05,1.0,0.4177654362581591,0.5,0.13062351238453135,,,-0.3998533159925014,,LearningParams_Fit_alpha_neg-exp_neg_Fix_alpha_pos-beta-exp_pos_
26,5,93.01730319932189,100188.0,0.5309652847811321,0.05,1.0,0.8167210377489564,0.5,0.13062348848730446,,,-0.3998531972434601,,LearningParams_Fit_alpha_neg-exp_neg_Fix_alpha_pos-beta-exp_pos_
27,1,93.0173031993219,100188.0,0.346318761915966,0.05,1.0,0.39033420061591584,0.5,0.13062354561130274,,,-0.3998531185199285,,LearningParams_Fit_alpha_neg-exp_neg_Fix_alpha_pos-beta-exp_pos_
28,17,93.0173031993219,100188.0,0.9725511768119304,0.05,1.0,0.7422903501153296,0.5,0.13062348923862532,,,-0.3998530057971237,,LearningParams_Fit_alpha_neg-exp_neg_Fix_alpha_pos-beta-exp_pos_
29,3,93.0173031993219,100188.0,0.4521280658060727,0.05,1.0,0.2965352740355046,0.5,0.1306235534482362,,,-0.3998531278672568,,LearningParams_Fit_alpha_neg-exp_neg_Fix_alpha_pos-beta-exp_pos_
30,40,93.01730319932192,100188.0,0.7145101570967533,0.05,1.0,0.6696831792030173,0.5,0.13062368529674645,,,-0.3998536367475613,,LearningParams_Fit_alpha_neg-exp_neg_Fix_alpha_pos-beta-exp_pos_
31,22,93.017303199322,100188.0,0.8307411661094289,0.05,1.0,0.6454205385705828,0.5,0.13062349241588245,,,-0.3998532359061608,,LearningParams_Fit_alpha_neg-exp_neg_Fix_alpha_pos-beta-exp_pos_
32,33,93.017303199322,100188.0,0.4911380164314787,0.05,1.0,0.9510466836904315,0.5,0.13062349405675028,,,-0.3998529776330789,,LearningParams_Fit_alpha_neg-exp_neg_Fix_alpha_pos-beta-exp_pos_
33,41,93.01730319932206,100188.0,0.7904488091498074,0.05,1.0,0.30828422629920715,0.5,0.13062365013220514,,,-0.39985385041928606,,LearningParams_Fit_alpha_neg-exp_neg_Fix_alpha_pos-beta-exp_pos_
34,16,93.01730319932213,100188.0,0.944190621792179,0.05,1.0,0.6878750638472033,0.5,0.13062366131935002,,,-0.3998534886994326,,LearningParams_Fit_alpha_neg-exp_neg_Fix_alpha_pos-beta-exp_pos_
35,48,93.01730319932224,100188.0,0.6677172746416534,0.05,1.0,0.6384463010769786,0.5,0.1306235568933412,,,-0.3998535648965941,,LearningParams_Fit_alpha_neg-exp_neg_Fix_alpha_pos-beta-exp_pos_
36,31,93.01730319932236,100188.0,0.44792466496072536,0.05,1.0,0.19133708762183527,0.5,0.13062348597294685,,,-0.39985294679637,,LearningParams_Fit_alpha_neg-exp_neg_Fix_alpha_pos-beta-exp_pos_
37,21,93.01730319932241,100188.0,0.3908626408399109,0.05,1.0,0.1863850481592194,0.5,0.13062358771046206,,,-0.3998536834682235,,LearningParams_Fit_alpha_neg-exp_neg_Fix_alpha_pos-beta-exp_pos_
38,30,93.01730319932243,100188.0,0.5274874793377968,0.05,1.0,0.3428752235733611,0.5,0.13062347756890927,,,-0.3998532116157532,,LearningParams_Fit_alpha_neg-exp_neg_Fix_alpha_pos-beta-exp_pos_
39,14,93.01730319932248,100188.0,0.07595755549092098,0.05,1.0,0.5339019999355551,0.5,0.1306234513312017,,,-0.3998529058948822,,LearningParams_Fit_alpha_neg-exp_neg_Fix_alpha_pos-beta-exp_pos_
40,46,93.01730319932257,100188.0,0.8016126538223503,0.05,1.0,0.002942043933689797,0.5,0.1306235611165422,,,-0.3998536100307283,,LearningParams_Fit_alpha_neg-exp_neg_Fix_alpha_pos-beta-exp_pos_
41,12,93.01730319932258,100188.0,0.8166877680201506,0.05,1.0,0.7962997942326396,0.5,0.13062345001093476,,,-0.3998530827810501,,LearningParams_Fit_alpha_neg-exp_neg_Fix_alpha_pos-beta-exp_pos_
42,39,93.0173031993227,100188.0,0.3723038114950262,0.05,1.0,0.4552649393047728,0.5,0.1306235411799414,,,-0.39985354243771903,,LearningParams_Fit_alpha_neg-exp_neg_Fix_alpha_pos-beta-exp_pos_
43,9,93.01730319932275,100188.0,0.2563551492913567,0.05,1.0,0.3477156502692288,0.5,0.13062356287349675,,,-0.39985363551107705,,LearningParams_Fit_alpha_neg-exp_neg_Fix_alpha_pos-beta-exp_pos_
44,26,93.01730319932292,100188.0,0.7856526938630294,0.05,1.0,0.9332364290932392,0.5,0.13062353984355946,,,-0.39985356613174217,,LearningParams_Fit_alpha_neg-exp_neg_Fix_alpha_pos-beta-exp_pos_
45,0,93.01730319932304,100188.0,0.001462002120355299,0.05,1.0,0.15121301841956725,0.5,0.13062356701772104,,,-0.399853075034049,,LearningParams_Fit_alpha_neg-exp_neg_Fix_alpha_pos-beta-exp_pos_
46,32,93.01730319932315,100188.0,0.6620850392968342,0.05,1.0,0.8638820425472549,0.5,0.13062354644639335,,,-0.399853589400665,,LearningParams_Fit_alpha_neg-exp_neg_Fix_alpha_pos-beta-exp_pos_
47,18,93.01730319932379,100188.0,0.3418965628723174,0.05,1.0,0.2336727831324945,0.5,0.13062349966113185,,,-0.3998534564031284,,LearningParams_Fit_alpha_neg-exp_neg_Fix_alpha_pos-beta-exp_pos_
48,4,93.0173031993242,100188.0,0.17926920311932815,0.05,1.0,0.21684229081055584,0.5,0.13062373521199672,,,-0.399853654046013,,LearningParams_Fit_alpha_neg-exp_neg_Fix_alpha_pos-beta-exp_pos_
49,10,190.19871396192897,100188.0,0.5448192201557686,0.05,1.0,0.2368199015598608,0.5,0.9334832405966359,,,-0.6954361629799033,,LearningParams_Fit_alpha_neg-exp_neg_Fix_alpha_pos-beta-exp_pos_
0,12,94.11668873564072,311444.0,0.4104567781962208,0.05,1.0,0.19265386317819144,0.5,0.0001747173149922202,,,1.361381835829035,,LearningParams_Fit_alpha_neg-exp_neg_Fix_alpha_pos-beta-exp_pos_
1,37,94.1166887356409,311444.0,0.6478791637601303,0.05,1.0,0.07341958482448185,0.5,0.00017471738972434038,,,1.3613817282271212,,LearningParams_Fit_alpha_neg-exp_neg_Fix_alpha_pos-beta-exp_pos_
2,24,94.116688735641,311444.0,0.6901821113500365,0.05,1.0,0.20841294160655688,0.5,0.0001747169659588821,,,1.3613821507497863,,LearningParams_Fit_alpha_neg-exp_neg_Fix_alpha_pos-beta-exp_pos_
3,16,94.116688735641,311444.0,0.4619269871285735,0.05,1.0,0.0932939588811661,0.5,0.00017471743261022186,,,1.3613817366164738,,LearningParams_Fit_alpha_neg-exp_neg_Fix_alpha_pos-beta-exp_pos_
4,19,94.11668873564108,311444.0,0.8910522361811509,0.05,1.0,0.03736155833822341,0.5,0.00017471742831246326,,,1.361381687489458,,LearningParams_Fit_alpha_neg-exp_neg_Fix_alpha_pos-beta-exp_pos_
5,6,94.11668873564108,311444.0,0.14919764200677976,0.05,1.0,0.20298437849862527,0.5,0.00017471693324065234,,,1.361382179654044,,LearningParams_Fit_alpha_neg-exp_neg_Fix_alpha_pos-beta-exp_pos_
6,13,94.11668873564123,311444.0,0.6810443205229473,0.05,1.0,0.10841494325301683,0.5,0.00017471716014209955,,,1.3613820065153357,,LearningParams_Fit_alpha_neg-exp_neg_Fix_alpha_pos-beta-exp_pos_
7,39,94.11668873564128,311444.0,0.4869026355119306,0.05,1.0,0.048767231951269314,0.5,0.00017471767468654542,,,1.3613814812109195,,LearningParams_Fit_alpha_neg-exp_neg_Fix_alpha_pos-beta-exp_pos_
8,22,94.11668873564159,311444.0,0.5470858285702719,0.05,1.0,0.22961008003251604,0.5,0.00017471749484401493,,,1.3613816117570543,,LearningParams_Fit_alpha_neg-exp_neg_Fix_alpha_pos-beta-exp_pos_
9,18,94.11668873564189,311444.0,0.5480098465513346,0.05,1.0,0.2424014539845776,0.5,0.00017471778959172687,,,1.3613813896883515,,LearningParams_Fit_alpha_neg-exp_neg_Fix_alpha_pos-beta-exp_pos_
10,21,94.11668873564228,311444.0,0.05209133380444897,0.05,1.0,0.7147891859607373,0.5,0.00017471758241104996,,,1.3613815186374625,,LearningParams_Fit_alpha_neg-exp_neg_Fix_alpha_pos-beta-exp_pos_
11,36,94.11668873564246,311444.0,0.7699095225144051,0.05,1.0,0.2255881707701094,0.5,0.0001747175859498395,,,1.3613816199379871,,LearningParams_Fit_alpha_neg-exp_neg_Fix_alpha_pos-beta-exp_pos_
12,23,94.11668873564268,311444.0,0.15295080624701676,0.05,1.0,0.050581257919752536,0.5,0.00017471741922323129,,,1.361381660291636,,LearningParams_Fit_alpha_neg-exp_neg_Fix_alpha_pos-beta-exp_pos_
13,20,94.11668873564385,311444.0,0.3994238956447178,0.05,1.0,0.18146515426740464,0.5,0.00017471765056736394,,,1.361381433384402,,LearningParams_Fit_alpha_neg-exp_neg_Fix_alpha_pos-beta-exp_pos_
14,3,104.66788541713915,311444.0,0.7511509245156398,0.05,1.0,0.7037410965339033,0.5,-5032.112480253461,,,-5.944784630432304,,LearningParams_Fit_alpha_neg-exp_neg_Fix_alpha_pos-beta-exp_pos_
15,35,106.5021038183559,311444.0,0.4746016009054126,0.05,1.0,0.7868890366791157,0.5,2.9082673051575125,,,-25.28196093324866,,LearningParams_Fit_alpha_neg-exp_neg_Fix_alpha_pos-beta-exp_pos_
16,34,106.5021038183559,311444.0,0.5186570482108631,0.05,1.0,0.9717316707166186,0.5,2.81043489241588,,,-25.12296461919239,,LearningParams_Fit_alpha_neg-exp_neg_Fix_alpha_pos-beta-exp_pos_
17,33,106.5021038183559,311444.0,0.8997719775221252,0.05,1.0,0.8278146392319116,0.5,4.3059888436007325,,,-30.99874795339396,,LearningParams_Fit_alpha_neg-exp_neg_Fix_alpha_pos-beta-exp_pos_
18,32,106.5021038183559,311444.0,0.958733617002278,0.05,1.0,0.6110478290042425,0.5,7.548962234391668,,,-26.86793415744335,,LearningParams_Fit_alpha_neg-exp_neg_Fix_alpha_pos-beta-exp_pos_
19,38,106.5021038183559,311444.0,0.6805632284746099,0.05,1.0,0.3049813179043781,0.5,10.687912366164047,,,-28.48806217129356,,LearningParams_Fit_alpha_neg-exp_neg_Fix_alpha_pos-beta-exp_pos_
20,40,106.5021038183559,311444.0,0.08188836604501992,0.05,1.0,0.8731225320519439,0.5,0.5017961532097008,,,-28.052557242931805,,LearningParams_Fit_alpha_neg-exp_neg_Fix_alpha_pos-beta-exp_pos_
21,41,106.5021038183559,311444.0,0.11683121955864205,0.05,1.0,0.8727706996281674,0.5,0.7159192371367438,,,-28.04125321761397,,LearningParams_Fit_alpha_neg-exp_neg_Fix_alpha_pos-beta-exp_pos_
22,42,106.5021038183559,311444.0,0.801977542747377,0.05,1.0,0.3922529255418672,0.5,13.670153629409684,,,-26.940344630472822,,LearningParams_Fit_alpha_neg-exp_neg_Fix_alpha_pos-beta-exp_pos_
23,43,106.5021038183559,311444.0,0.8129897227806454,0.05,1.0,0.4712587510096344,0.5,6.559513099957695,,,-26.847160035667294,,LearningParams_Fit_alpha_neg-exp_neg_Fix_alpha_pos-beta-exp_pos_
24,44,106.5021038183559,311444.0,0.8738942451170066,0.05,1.0,0.8217716374811685,0.5,7.405272303165643,,,-29.09761756457003,,LearningParams_Fit_alpha_neg-exp_neg_Fix_alpha_pos-beta-exp_pos_
25,45,106.5021038183559,311444.0,0.6529488523672314,0.05,1.0,0.3524975261008887,0.5,6.338752854273535,,,-29.31543610402855,,LearningParams_Fit_alpha_neg-exp_neg_Fix_alpha_pos-beta-exp_pos_
26,46,106.5021038183559,311444.0,0.7932929078469717,0.05,1.0,0.5003037076256867,0.5,0.5725384814297017,,,-24.3695022839104,,LearningParams_Fit_alpha_neg-exp_neg_Fix_alpha_pos-beta-exp_pos_
27,47,106.5021038183559,311444.0,0.7246057896365738,0.05,1.0,0.7856892174406365,0.5,4.440244877193149,,,-25.243411936248755,,LearningParams_Fit_alpha_neg-exp_neg_Fix_alpha_pos-beta-exp_pos_
28,31,106.5021038183559,311444.0,0.5660070955965854,0.05,1.0,0.8830424430368762,0.5,3.4683825917790014,,,-28.37127410171637,,LearningParams_Fit_alpha_neg-exp_neg_Fix_alpha_pos-beta-exp_pos_
29,30,106.5021038183559,311444.0,0.1167958781807037,0.05,1.0,0.8723984715116716,0.5,0.715702671971814,,,-28.02929389900505,,LearningParams_Fit_alpha_neg-exp_neg_Fix_alpha_pos-beta-exp_pos_
30,0,106.5021038183559,311444.0,0.6209907047679055,0.05,1.0,0.7795876940536942,0.5,5.26219882123762,,,-27.603951688025013,,LearningParams_Fit_alpha_neg-exp_neg_Fix_alpha_pos-beta-exp_pos_
31,28,106.5021038183559,311444.0,0.5289659335563816,0.05,1.0,0.43431845330053176,0.5,9.292185451750415,,,-28.76562371580666,,LearningParams_Fit_alpha_neg-exp_neg_Fix_alpha_pos-beta-exp_pos_
32,1,106.5021038183559,311444.0,0.5283606705220121,0.05,1.0,0.26477923181239793,0.5,1.2851662229348362,,,-26.508488181308604,,LearningParams_Fit_alpha_neg-exp_neg_Fix_alpha_pos-beta-exp_pos_
33,2,106.5021038183559,311444.0,0.7792984519881052,0.05,1.0,0.5617943917980522,0.5,4.128720487450678,,,-29.766040127494332,,LearningParams_Fit_alpha_neg-exp_neg_Fix_alpha_pos-beta-exp_pos_
34,4,106.5021038183559,311444.0,0.9186016416255348,0.05,1.0,0.6386613383740515,0.5,5.58961025281878,,,-32.785405380637954,,LearningParams_Fit_alpha_neg-exp_neg_Fix_alpha_pos-beta-exp_pos_
35,5,106.5021038183559,311444.0,0.7771417495629214,0.05,1.0,0.4573985295428278,0.5,5.760752950507827,,,-28.169942602568632,,LearningParams_Fit_alpha_neg-exp_neg_Fix_alpha_pos-beta-exp_pos_
36,7,106.5021038183559,311444.0,0.8423868238225758,0.05,1.0,0.7747645103947673,0.5,6.632860480755057,,,-34.06659980566914,,LearningParams_Fit_alpha_neg-exp_neg_Fix_alpha_pos-beta-exp_pos_
37,8,106.5021038183559,311444.0,0.17098239062555246,0.05,1.0,0.6343878443240577,0.5,1.346296392124156,,,-27.894200785161114,,LearningParams_Fit_alpha_neg-exp_neg_Fix_alpha_pos-beta-exp_pos_
38,9,106.5021038183559,311444.0,0.8883474422817449,0.05,1.0,0.9246214060607948,0.5,2.958223008602125,,,-24.67673672483939,,LearningParams_Fit_alpha_neg-exp_neg_Fix_alpha_pos-beta-exp_pos_
39,29,106.5021038183559,311444.0,0.6366916640849926,0.05,1.0,0.647929005279871,0.5,5.013239592200692,,,-28.489609202811646,,LearningParams_Fit_alpha_neg-exp_neg_Fix_alpha_pos-beta-exp_pos_
40,10,106.5021038183559,311444.0,0.5248084399154535,0.05,1.0,0.7366780334406231,0.5,4.132283486208917,,,-32.391927371662604,,LearningParams_Fit_alpha_neg-exp_neg_Fix_alpha_pos-beta-exp_pos_
41,14,106.5021038183559,311444.0,0.310978903161674,0.05,1.0,0.8187604555138456,0.5,1.685094154732182,,,-21.16807610098649,,LearningParams_Fit_alpha_neg-exp_neg_Fix_alpha_pos-beta-exp_pos_
42,15,106.5021038183559,311444.0,0.988515772375144,0.05,1.0,0.9205671709037098,0.5,6.057434479670523,,,-29.576906229930877,,LearningParams_Fit_alpha_neg-exp_neg_Fix_alpha_pos-beta-exp_pos_
43,17,106.5021038183559,311444.0,0.2285819591949492,0.05,1.0,0.5807220880096633,0.5,1.7998290107123551,,,-25.534503329866705,,LearningParams_Fit_alpha_neg-exp_neg_Fix_alpha_pos-beta-exp_pos_
44,48,106.5021038183559,311444.0,0.5744766939461688,0.05,1.0,0.6057727309824519,0.5,3.4956401915467508,,,-31.097082852013887,,LearningParams_Fit_alpha_neg-exp_neg_Fix_alpha_pos-beta-exp_pos_
45,25,106.5021038183559,311444.0,0.2806637938821608,0.05,1.0,0.9088877917925364,0.5,1.719853734019876,,,-29.201659412845434,,LearningParams_Fit_alpha_neg-exp_neg_Fix_alpha_pos-beta-exp_pos_
46,26,106.5021038183559,311444.0,0.4875201116058642,0.05,1.0,0.3364060264881118,0.5,4.732789540488374,,,-27.977187481593308,,LearningParams_Fit_alpha_neg-exp_neg_Fix_alpha_pos-beta-exp_pos_
47,27,106.5021038183559,311444.0,0.4848834963478258,0.05,1.0,0.916359008752872,0.5,2.971272782368711,,,-29.441702171748446,,LearningParams_Fit_alpha_neg-exp_neg_Fix_alpha_pos-beta-exp_pos_
48,11,106.5021038183559,311444.0,0.4432550862209791,0.05,1.0,0.7524994405845663,0.5,3.490141418579527,,,-33.087598815441844,,LearningParams_Fit_alpha_neg-exp_neg_Fix_alpha_pos-beta-exp_pos_
49,49,106.5021038183559,311444.0,0.7422504078961646,0.05,1.0,0.33795302785659964,0.5,9.834296915873669,,,-25.445412508117762,,LearningParams_Fit_alpha_neg-exp_neg_Fix_alpha_pos-beta-exp_pos_
0,32,83.46681131114335,200162.0,0.2710944839025067,0.05,1.0,0.3291129672328757,0.5,0.08016311668515433,,,-0.1141426181010074,,LearningParams_Fit_alpha_neg-exp_neg_Fix_alpha_pos-beta-exp_pos_
1,29,83.46681131114356,200162.0,0.8586909164429634,0.05,1.0,0.8254346975088312,0.5,0.0801630954666652,,,-0.11414246084390485,,LearningParams_Fit_alpha_neg-exp_neg_Fix_alpha_pos-beta-exp_pos_
2,10,83.46681131114363,200162.0,0.4976923468309682,0.05,1.0,0.24648505490703754,0.5,0.08016312505181353,,,-0.1141427653930283,,LearningParams_Fit_alpha_neg-exp_neg_Fix_alpha_pos-beta-exp_pos_
3,1,83.46681131114373,200162.0,0.7062310464830382,0.05,1.0,0.17356318021175346,0.5,0.08016314437312459,,,-0.11414279514709685,,LearningParams_Fit_alpha_neg-exp_neg_Fix_alpha_pos-beta-exp_pos_
4,25,83.46681131114373,200162.0,0.1520509615475747,0.05,1.0,0.42835165367203787,0.5,0.08016304974740696,,,-0.1141423408634921,,LearningParams_Fit_alpha_neg-exp_neg_Fix_alpha_pos-beta-exp_pos_
5,21,83.46681131114373,200162.0,0.14330318426623934,0.05,1.0,0.6045585482787849,0.5,0.08016313292692209,,,-0.11414280301022765,,LearningParams_Fit_alpha_neg-exp_neg_Fix_alpha_pos-beta-exp_pos_
6,11,83.46681131114373,200162.0,0.9477077137430904,0.05,1.0,0.7072472205548799,0.5,0.08016305250226083,,,-0.11414227605553755,,LearningParams_Fit_alpha_neg-exp_neg_Fix_alpha_pos-beta-exp_pos_
7,18,83.46681131114377,200162.0,0.6200044183921104,0.05,1.0,0.38084208151127263,0.5,0.08016305789806402,,,-0.11414229059164124,,LearningParams_Fit_alpha_neg-exp_neg_Fix_alpha_pos-beta-exp_pos_
8,44,83.46681131114377,200162.0,0.5105908148009398,0.05,1.0,0.8934082352845492,0.5,0.08016310927845287,,,-0.11414271492242635,,LearningParams_Fit_alpha_neg-exp_neg_Fix_alpha_pos-beta-exp_pos_
9,30,83.46681131114384,200162.0,0.13055023676961486,0.05,1.0,0.6841091091123584,0.5,0.0801630413326075,,,-0.1141422860531106,,LearningParams_Fit_alpha_neg-exp_neg_Fix_alpha_pos-beta-exp_pos_
10,34,83.46681131114384,200162.0,0.15835996367128713,0.05,1.0,0.6096724673212937,0.5,0.08016304912047653,,,-0.11414234281179304,,LearningParams_Fit_alpha_neg-exp_neg_Fix_alpha_pos-beta-exp_pos_
11,47,83.4668113111439,200162.0,0.817751667602144,0.05,1.0,0.13101960628147102,0.5,0.08016305041256155,,,-0.1141422470024439,,LearningParams_Fit_alpha_neg-exp_neg_Fix_alpha_pos-beta-exp_pos_
12,23,83.4668113111439,200162.0,0.4113862953072727,0.05,1.0,0.8999599801343376,0.5,0.08016306348419222,,,-0.11414227472265245,,LearningParams_Fit_alpha_neg-exp_neg_Fix_alpha_pos-beta-exp_pos_
13,27,83.46681131114394,200162.0,0.5266639285341838,0.05,1.0,0.4709819928200617,0.5,0.08016312615714613,,,-0.11414257879339496,,LearningParams_Fit_alpha_neg-exp_neg_Fix_alpha_pos-beta-exp_pos_
14,31,83.46681131114394,200162.0,0.6847058894296457,0.05,1.0,0.2756895236831526,0.5,0.08016305416320141,,,-0.11414241796569632,,LearningParams_Fit_alpha_neg-exp_neg_Fix_alpha_pos-beta-exp_pos_
15,22,83.46681131114396,200162.0,0.8499685127614408,0.05,1.0,0.3863345988642324,0.5,0.08016305346210525,,,-0.1141422368480396,,LearningParams_Fit_alpha_neg-exp_neg_Fix_alpha_pos-beta-exp_pos_
16,39,83.46681131114397,200162.0,0.11275634200099495,0.05,1.0,0.910352418153906,0.5,0.08016315572252901,,,-0.1141428212810524,,LearningParams_Fit_alpha_neg-exp_neg_Fix_alpha_pos-beta-exp_pos_
17,6,83.46681131114403,200162.0,0.7744171235985358,0.05,1.0,0.6587282795758406,0.5,0.08016315447218161,,,-0.11414286107283228,,LearningParams_Fit_alpha_neg-exp_neg_Fix_alpha_pos-beta-exp_pos_
18,2,83.46681131114403,200162.0,0.7251656781793052,0.05,1.0,0.6399617651352218,0.5,0.08016306173049588,,,-0.1141424871351394,,LearningParams_Fit_alpha_neg-exp_neg_Fix_alpha_pos-beta-exp_pos_
19,38,83.46681131114407,200162.0,0.1386893989694744,0.05,1.0,0.3341756891639164,0.5,0.08016305558380228,,,-0.11414222702626757,,LearningParams_Fit_alpha_neg-exp_neg_Fix_alpha_pos-beta-exp_pos_
20,9,83.46681131114407,200162.0,0.5023348784813496,0.05,1.0,0.04702246349717354,0.5,0.08016303678926738,,,-0.11414219597323322,,LearningParams_Fit_alpha_neg-exp_neg_Fix_alpha_pos-beta-exp_pos_
21,12,83.46681131114411,200162.0,0.2314493005009296,0.05,1.0,0.7016802973178203,0.5,0.08016303468649938,,,-0.11414221904865927,,LearningParams_Fit_alpha_neg-exp_neg_Fix_alpha_pos-beta-exp_pos_
22,7,83.46681131114411,200162.0,0.6953221202029063,0.05,1.0,0.3575231423043789,0.5,0.08016303142046502,,,-0.11414219355613207,,LearningParams_Fit_alpha_neg-exp_neg_Fix_alpha_pos-beta-exp_pos_
23,41,83.4668113111442,200162.0,0.3608654253062351,0.05,1.0,0.7896432554351409,0.5,0.08016309120790857,,,-0.1141423550670194,,LearningParams_Fit_alpha_neg-exp_neg_Fix_alpha_pos-beta-exp_pos_
24,4,83.46681131114424,200162.0,0.9660068753585659,0.05,1.0,0.4240835342808553,0.5,0.08016306222627215,,,-0.11414222751327327,,LearningParams_Fit_alpha_neg-exp_neg_Fix_alpha_pos-beta-exp_pos_
25,20,83.46681131114424,200162.0,0.933840812085262,0.05,1.0,0.4881170179436425,0.5,0.0801630692621197,,,-0.1141425607691835,,LearningParams_Fit_alpha_neg-exp_neg_Fix_alpha_pos-beta-exp_pos_
26,33,83.46681131114427,200162.0,0.8773424990081883,0.05,1.0,0.7763020907822081,0.5,0.08016314575108663,,,-0.1141429246275461,,LearningParams_Fit_alpha_neg-exp_neg_Fix_alpha_pos-beta-exp_pos_
27,48,83.46681131114434,200162.0,0.4611649646673573,0.05,1.0,0.7560093266908352,0.5,0.08016313898250776,,,-0.11414262007411854,,LearningParams_Fit_alpha_neg-exp_neg_Fix_alpha_pos-beta-exp_pos_
28,0,83.46681131114444,200162.0,0.14531887169508173,0.05,1.0,0.4394419259986477,0.5,0.08016313302448905,,,-0.11414256833326768,,LearningParams_Fit_alpha_neg-exp_neg_Fix_alpha_pos-beta-exp_pos_
29,46,83.46681131114451,200162.0,0.7968195279630391,0.05,1.0,0.5155671687989897,0.5,0.08016302156801917,,,-0.11414221040400276,,LearningParams_Fit_alpha_neg-exp_neg_Fix_alpha_pos-beta-exp_pos_
30,24,83.46681131114451,200162.0,0.23705395074293656,0.05,1.0,0.4090198897342315,0.5,0.08016304210130401,,,-0.11414213339152213,,LearningParams_Fit_alpha_neg-exp_neg_Fix_alpha_pos-beta-exp_pos_
31,28,83.46681131114451,200162.0,0.27324407095014125,0.05,1.0,0.40211259066338345,0.5,0.0801631766367913,,,-0.1141429501621189,,LearningParams_Fit_alpha_neg-exp_neg_Fix_alpha_pos-beta-exp_pos_
32,35,83.46681131114454,200162.0,0.9346929073347312,0.05,1.0,0.30496808350106874,0.5,0.08016315996809026,,,-0.11414275114278223,,LearningParams_Fit_alpha_neg-exp_neg_Fix_alpha_pos-beta-exp_pos_
33,40,83.46681131114457,200162.0,0.5523482038061673,0.05,1.0,0.7245710262900368,0.5,0.0801631763434778,,,-0.11414291133636953,,LearningParams_Fit_alpha_neg-exp_neg_Fix_alpha_pos-beta-exp_pos_
34,15,83.46681131114457,200162.0,0.452959941807202,0.05,1.0,0.6520407881749221,0.5,0.08016315793726854,,,-0.11414298312627424,,LearningParams_Fit_alpha_neg-exp_neg_Fix_alpha_pos-beta-exp_pos_
35,19,83.46681131114458,200162.0,0.06815928029345597,0.05,1.0,0.9123217181303724,0.5,0.08016309896110499,,,-0.11414275282165676,,LearningParams_Fit_alpha_neg-exp_neg_Fix_alpha_pos-beta-exp_pos_
36,37,83.4668113111446,200162.0,0.06383780816600837,0.05,1.0,0.9636833014902908,0.5,0.08016316879923023,,,-0.11414299904510787,,LearningParams_Fit_alpha_neg-exp_neg_Fix_alpha_pos-beta-exp_pos_
37,42,83.46681131114464,200162.0,0.7584740287798436,0.05,1.0,0.12009021627837192,0.5,0.08016311653270086,,,-0.11414284106896228,,LearningParams_Fit_alpha_neg-exp_neg_Fix_alpha_pos-beta-exp_pos_
38,16,83.4668113111448,200162.0,0.8822675525925436,0.05,1.0,0.31306871537023,0.5,0.08016314901639503,,,-0.11414264255813115,,LearningParams_Fit_alpha_neg-exp_neg_Fix_alpha_pos-beta-exp_pos_
39,3,83.46681131114481,200162.0,0.11994072572996528,0.05,1.0,0.33227254808896844,0.5,0.08016309451282512,,,-0.11414231887739992,,LearningParams_Fit_alpha_neg-exp_neg_Fix_alpha_pos-beta-exp_pos_
40,8,83.46681131114529,200162.0,0.9302157026765898,0.05,1.0,0.4727446566400865,0.5,0.08016313714355018,,,-0.1141425254743176,,LearningParams_Fit_alpha_neg-exp_neg_Fix_alpha_pos-beta-exp_pos_
41,36,83.46681131114536,200162.0,0.6030229373660542,0.05,1.0,0.7408046661563038,0.5,0.08016319943255229,,,-0.11414300452156075,,LearningParams_Fit_alpha_neg-exp_neg_Fix_alpha_pos-beta-exp_pos_
42,26,83.46681131114549,200162.0,0.02959114426791953,0.05,1.0,0.11071228328748173,0.5,0.08016308769268878,,,-0.11414275589001965,,LearningParams_Fit_alpha_neg-exp_neg_Fix_alpha_pos-beta-exp_pos_
43,45,83.46681131114583,200162.0,0.4990924601631084,0.05,1.0,0.7698644047608924,0.5,0.08016303802383422,,,-0.11414200738138022,,LearningParams_Fit_alpha_neg-exp_neg_Fix_alpha_pos-beta-exp_pos_
44,5,83.46681131114627,200162.0,0.26774505152711736,0.05,1.0,0.18940850203491133,0.5,0.08016297753313656,,,-0.11414203362721535,,LearningParams_Fit_alpha_neg-exp_neg_Fix_alpha_pos-beta-exp_pos_
45,49,83.4668113111463,200162.0,0.3605583535591652,0.05,1.0,0.6997974363744297,0.5,0.08016312982788737,,,-0.11414300289060175,,LearningParams_Fit_alpha_neg-exp_neg_Fix_alpha_pos-beta-exp_pos_
46,13,83.46681131114657,200162.0,0.6794500060803178,0.05,1.0,0.5124644978990897,0.5,0.08016302605252021,,,-0.11414245022110905,,LearningParams_Fit_alpha_neg-exp_neg_Fix_alpha_pos-beta-exp_pos_
47,14,83.46681131114713,200162.0,0.3365773388777691,0.05,1.0,0.8362092861985101,0.5,0.0801630971088783,,,-0.1141428852740145,,LearningParams_Fit_alpha_neg-exp_neg_Fix_alpha_pos-beta-exp_pos_
48,17,83.46681131114867,200162.0,0.15714111880024195,0.05,1.0,0.7958529098398017,0.5,0.08016320762910452,,,-0.11414280267789978,,LearningParams_Fit_alpha_neg-exp_neg_Fix_alpha_pos-beta-exp_pos_
49,43,202.0330775616299,200162.0,0.9585833128354844,0.05,1.0,0.2815946527945664,0.5,1.4395450970480448,,,-0.6908055906591688,,LearningParams_Fit_alpha_neg-exp_neg_Fix_alpha_pos-beta-exp_pos_
0,39,124.98804870047148,100143.0,0.15428802843566214,0.05,1.0,0.5955200656108213,0.5,0.5690308006500056,,,-0.22092406253029412,,LearningParams_Fit_alpha_neg-exp_neg_Fix_alpha_pos-beta-exp_pos_
1,25,124.9880487004717,100143.0,0.4062397721516817,0.05,1.0,0.9992678299411047,0.5,0.5690307352672437,,,-0.2209241115415013,,LearningParams_Fit_alpha_neg-exp_neg_Fix_alpha_pos-beta-exp_pos_
2,31,124.98804870047243,100143.0,0.2311538809848667,0.05,1.0,0.5328211187696433,0.5,0.5690307489488315,,,-0.22092399259325832,,LearningParams_Fit_alpha_neg-exp_neg_Fix_alpha_pos-beta-exp_pos_
3,8,124.9880487004729,100143.0,0.7352520336765861,0.05,1.0,0.13551493722673968,0.5,0.5690306605377042,,,-0.22092409563062249,,LearningParams_Fit_alpha_neg-exp_neg_Fix_alpha_pos-beta-exp_pos_
4,12,124.98804870047344,100143.0,0.07068770165456484,0.05,1.0,0.1927468458613497,0.5,0.5690303999039508,,,-0.22092385343155874,,LearningParams_Fit_alpha_neg-exp_neg_Fix_alpha_pos-beta-exp_pos_
5,38,124.98804870047388,100143.0,0.0006677769706131543,0.05,1.0,0.5380018607854905,0.5,0.5690309075277908,,,-0.2209241475588219,,LearningParams_Fit_alpha_neg-exp_neg_Fix_alpha_pos-beta-exp_pos_
6,1,124.98804870047398,100143.0,0.16091411921442378,0.05,1.0,0.3161585908695569,0.5,0.5690304362434171,,,-0.22092395457201006,,LearningParams_Fit_alpha_neg-exp_neg_Fix_alpha_pos-beta-exp_pos_
7,21,124.98804870047465,100143.0,0.4015391469878574,0.05,1.0,0.4342754936303613,0.5,0.5690307672482655,,,-0.220924160648742,,LearningParams_Fit_alpha_neg-exp_neg_Fix_alpha_pos-beta-exp_pos_
8,11,124.988048700475,100143.0,0.5364814310229306,0.05,1.0,0.3980273200449856,0.5,0.5690309362056218,,,-0.2209241332661493,,LearningParams_Fit_alpha_neg-exp_neg_Fix_alpha_pos-beta-exp_pos_
9,27,124.98804870047523,100143.0,0.13077261629409356,0.05,1.0,0.3961553379212157,0.5,0.5690303964503238,,,-0.22092381184929208,,LearningParams_Fit_alpha_neg-exp_neg_Fix_alpha_pos-beta-exp_pos_
10,17,124.9880487004754,100143.0,0.5628325868042774,0.05,1.0,0.3510553369938889,0.5,0.5690307768633867,,,-0.2209241743311002,,LearningParams_Fit_alpha_neg-exp_neg_Fix_alpha_pos-beta-exp_pos_
11,13,124.9880487004755,100143.0,0.2882514416872679,0.05,1.0,0.0582797168152761,0.5,0.569030486266847,,,-0.22092382569448188,,LearningParams_Fit_alpha_neg-exp_neg_Fix_alpha_pos-beta-exp_pos_
12,7,124.9880487004756,100143.0,0.8718671950491991,0.05,1.0,0.06026743760655229,0.5,0.56903056834402,,,-0.22092407278036835,,LearningParams_Fit_alpha_neg-exp_neg_Fix_alpha_pos-beta-exp_pos_
13,15,124.98804870047613,100143.0,0.559604169013654,0.05,1.0,0.6072779904422358,0.5,0.5690304436047893,,,-0.2209238071088646,,LearningParams_Fit_alpha_neg-exp_neg_Fix_alpha_pos-beta-exp_pos_
14,24,124.98804870047769,100143.0,0.500471826109879,0.05,1.0,0.5069303109872163,0.5,0.569030991794215,,,-0.22092414850810804,,LearningParams_Fit_alpha_neg-exp_neg_Fix_alpha_pos-beta-exp_pos_
15,41,124.98804870047778,100143.0,0.5757399611542916,0.05,1.0,0.1262530545237982,0.5,0.5690306451865184,,,-0.22092413501404398,,LearningParams_Fit_alpha_neg-exp_neg_Fix_alpha_pos-beta-exp_pos_
16,40,124.98804870047822,100143.0,0.08257336455134334,0.05,1.0,0.2971231052171899,0.5,0.5690309782730849,,,-0.22092424540498967,,LearningParams_Fit_alpha_neg-exp_neg_Fix_alpha_pos-beta-exp_pos_
17,26,124.98804870047847,100143.0,0.4356993922479654,0.05,1.0,0.6566247019144644,0.5,0.5690304341661269,,,-0.22092400800791293,,LearningParams_Fit_alpha_neg-exp_neg_Fix_alpha_pos-beta-exp_pos_
18,37,124.98804870047847,100143.0,0.04561325040525721,0.05,1.0,0.32796390137816755,0.5,0.5690306725890902,,,-0.22092388459836612,,LearningParams_Fit_alpha_neg-exp_neg_Fix_alpha_pos-beta-exp_pos_
19,43,124.98804870047957,100143.0,0.8921600045396532,0.05,1.0,0.054063466391570565,0.5,0.5690305381118597,,,-0.2209238092913778,,LearningParams_Fit_alpha_neg-exp_neg_Fix_alpha_pos-beta-exp_pos_
20,49,124.98804870047981,100143.0,0.4616764565890227,0.05,1.0,0.03566681808438876,0.5,0.5690308207532428,,,-0.22092423167700811,,LearningParams_Fit_alpha_neg-exp_neg_Fix_alpha_pos-beta-exp_pos_
21,2,124.9880487004803,100143.0,0.5029578357654025,0.05,1.0,0.2498023923213951,0.5,0.5690302875805717,,,-0.2209237363293008,,LearningParams_Fit_alpha_neg-exp_neg_Fix_alpha_pos-beta-exp_pos_
22,10,124.98804870048063,100143.0,0.664037741217196,0.05,1.0,0.06352681320475506,0.5,0.5690310732522585,,,-0.2209242166945872,,LearningParams_Fit_alpha_neg-exp_neg_Fix_alpha_pos-beta-exp_pos_
23,35,124.98804870048069,100143.0,0.35658029213974274,0.05,1.0,0.9122598394628316,0.5,0.5690305352709452,,,-0.22092409325898915,,LearningParams_Fit_alpha_neg-exp_neg_Fix_alpha_pos-beta-exp_pos_
24,28,124.98804870048129,100143.0,0.6968225768647822,0.05,1.0,0.2122326620194593,0.5,0.5690306831829707,,,-0.2209241813530555,,LearningParams_Fit_alpha_neg-exp_neg_Fix_alpha_pos-beta-exp_pos_
25,42,124.98804870048184,100143.0,0.6668327224467283,0.05,1.0,0.10283389405747524,0.5,0.569030352526718,,,-0.22092372813254213,,LearningParams_Fit_alpha_neg-exp_neg_Fix_alpha_pos-beta-exp_pos_
26,20,124.98804870048198,100143.0,0.2421851605171601,0.05,1.0,0.9910971765251282,0.5,0.5690308561120175,,,-0.22092397372006792,,LearningParams_Fit_alpha_neg-exp_neg_Fix_alpha_pos-beta-exp_pos_
27,19,124.98804870048274,100143.0,0.20699164510653112,0.05,1.0,0.3804159144074858,0.5,0.569030346781959,,,-0.22092371949751705,,LearningParams_Fit_alpha_neg-exp_neg_Fix_alpha_pos-beta-exp_pos_
28,29,124.98804870048458,100143.0,0.2436154949029402,0.05,1.0,0.4333716941904602,0.5,0.5690306180765324,,,-0.2209241683953357,,LearningParams_Fit_alpha_neg-exp_neg_Fix_alpha_pos-beta-exp_pos_
29,47,124.98804870048515,100143.0,0.126672278774128,0.05,1.0,0.9137899978205276,0.5,0.5690306028935634,,,-0.22092380269070397,,LearningParams_Fit_alpha_neg-exp_neg_Fix_alpha_pos-beta-exp_pos_
30,34,124.9880487004857,100143.0,0.6546409811534948,0.05,1.0,0.9191360803223702,0.5,0.5690303484091006,,,-0.2209239994416547,,LearningParams_Fit_alpha_neg-exp_neg_Fix_alpha_pos-beta-exp_pos_
31,23,124.98804870048708,100143.0,0.10276344057692988,0.05,1.0,0.025571838357557497,0.5,0.5690310598413729,,,-0.220924346291617,,LearningParams_Fit_alpha_neg-exp_neg_Fix_alpha_pos-beta-exp_pos_
32,36,124.98804870048781,100143.0,0.5690367878689165,0.05,1.0,0.09129653067155076,0.5,0.5690306753627102,,,-0.2209238255211587,,LearningParams_Fit_alpha_neg-exp_neg_Fix_alpha_pos-beta-exp_pos_
33,16,124.98804870049395,100143.0,0.5760378980437599,0.05,1.0,0.14775400047675624,0.5,0.5690309818446573,,,-0.22092399085621614,,LearningParams_Fit_alpha_neg-exp_neg_Fix_alpha_pos-beta-exp_pos_
34,4,124.98804870049898,100143.0,0.018822259983059086,0.05,1.0,0.8315958984747703,0.5,0.5690305020491828,,,-0.2209241741214023,,LearningParams_Fit_alpha_neg-exp_neg_Fix_alpha_pos-beta-exp_pos_
35,0,124.98804870049942,100143.0,0.2510154108453944,0.05,1.0,0.8377310075256644,0.5,0.5690312388021088,,,-0.2209244558200434,,LearningParams_Fit_alpha_neg-exp_neg_Fix_alpha_pos-beta-exp_pos_
36,9,124.98804870050327,100143.0,0.4879051578810562,0.05,1.0,0.030340991600925737,0.5,0.5690310036810945,,,-0.22092396047868185,,LearningParams_Fit_alpha_neg-exp_neg_Fix_alpha_pos-beta-exp_pos_
37,48,124.98804870051913,100143.0,0.26195503476919146,0.05,1.0,0.13832350075856525,0.5,0.5690304603668805,,,-0.2209242244426932,,LearningParams_Fit_alpha_neg-exp_neg_Fix_alpha_pos-beta-exp_pos_
38,44,124.9880487005385,100143.0,0.06768234676870022,0.05,1.0,0.9578406311373472,0.5,0.5690316265533155,,,-0.22092436747306984,,LearningParams_Fit_alpha_neg-exp_neg_Fix_alpha_pos-beta-exp_pos_
39,45,125.96717603395236,100143.0,0.7061865807038439,0.05,1.0,0.9178036932694138,0.5,0.738272228820873,,,-0.2836025001352977,,LearningParams_Fit_alpha_neg-exp_neg_Fix_alpha_pos-beta-exp_pos_
40,46,126.44539423091105,100143.0,0.7494508187470467,0.05,1.0,0.8243394468680517,0.5,0.8431998318631904,,,-0.31772383547644145,,LearningParams_Fit_alpha_neg-exp_neg_Fix_alpha_pos-beta-exp_pos_
41,18,127.01663717995581,100143.0,0.8981647788230931,0.05,1.0,0.3709127399002897,0.5,0.979861295057164,,,-0.3581370983848917,,LearningParams_Fit_alpha_neg-exp_neg_Fix_alpha_pos-beta-exp_pos_
42,30,127.01663717995658,100143.0,0.7607560152993963,0.05,1.0,0.3915063445438579,0.5,0.9798611214262948,,,-0.3581369372837665,,LearningParams_Fit_alpha_neg-exp_neg_Fix_alpha_pos-beta-exp_pos_
43,6,127.0166371799586,100143.0,0.8178295243185614,0.05,1.0,0.7804177888511837,0.5,0.9798614814702492,,,-0.358137275275254,,LearningParams_Fit_alpha_neg-exp_neg_Fix_alpha_pos-beta-exp_pos_
44,5,127.01663717997495,100143.0,0.8206895802721281,0.05,1.0,0.9660708871661172,0.5,0.9798607829051174,,,-0.3581366271178743,,LearningParams_Fit_alpha_neg-exp_neg_Fix_alpha_pos-beta-exp_pos_
45,3,127.01663717997907,100143.0,0.6845175549116704,0.05,1.0,0.24344468130707675,0.5,0.9798615088687228,,,-0.3581372962456029,,LearningParams_Fit_alpha_neg-exp_neg_Fix_alpha_pos-beta-exp_pos_
46,33,127.01663718000113,100143.0,0.7090544005309155,0.05,1.0,0.3340680254207914,0.5,0.9798610704393812,,,-0.35813689777103497,,LearningParams_Fit_alpha_neg-exp_neg_Fix_alpha_pos-beta-exp_pos_
47,14,127.75319982043543,100143.0,0.8851729844828041,0.05,1.0,0.5883376935870687,0.5,1.1637067899477531,,,-0.4068860737709933,,LearningParams_Fit_alpha_neg-exp_neg_Fix_alpha_pos-beta-exp_pos_
48,32,127.75319982044634,100143.0,0.8775166885082691,0.05,1.0,0.313664696666729,0.5,1.1637061567917832,,,-0.40688558634334737,,LearningParams_Fit_alpha_neg-exp_neg_Fix_alpha_pos-beta-exp_pos_
49,22,127.75319982045208,100143.0,0.9879400327691236,0.05,1.0,0.5224656710432886,0.5,1.1637061849320425,,,-0.4068856044750895,,LearningParams_Fit_alpha_neg-exp_neg_Fix_alpha_pos-beta-exp_pos_
0,3,51.93651910929461,406925.0,0.9424693926887604,0.05,1.0,0.30291297490829217,0.5,0.0052593841037375175,,,1.105680454698863,,LearningParams_Fit_alpha_neg-exp_neg_Fix_alpha_pos-beta-exp_pos_
1,28,51.93651910929504,406925.0,0.11827895289760093,0.05,1.0,0.1692219837401885,0.5,0.00525937980736557,,,1.1056806073053471,,LearningParams_Fit_alpha_neg-exp_neg_Fix_alpha_pos-beta-exp_pos_
2,19,51.93651910929517,406925.0,0.7146543700710185,0.05,1.0,0.15278148891995613,0.5,0.005259388196553446,,,1.1056802596269943,,LearningParams_Fit_alpha_neg-exp_neg_Fix_alpha_pos-beta-exp_pos_
3,35,51.936519109295894,406925.0,0.06188138443427449,0.05,1.0,0.160774005767509,0.5,0.005259377467912167,,,1.1056806890342863,,LearningParams_Fit_alpha_neg-exp_neg_Fix_alpha_pos-beta-exp_pos_
4,13,51.9365191092959,406925.0,0.3408648027642041,0.05,1.0,0.1932670801347658,0.5,0.005259375993175901,,,1.1056807218444988,,LearningParams_Fit_alpha_neg-exp_neg_Fix_alpha_pos-beta-exp_pos_
5,7,51.936519109296114,406925.0,0.4615185766368208,0.05,1.0,0.11280389384633628,0.5,0.005259385984013444,,,1.1056802540311523,,LearningParams_Fit_alpha_neg-exp_neg_Fix_alpha_pos-beta-exp_pos_
6,32,51.936519109296256,406925.0,0.459639287099475,0.05,1.0,0.06897550765376648,0.5,0.005259387122097918,,,1.1056802288627547,,LearningParams_Fit_alpha_neg-exp_neg_Fix_alpha_pos-beta-exp_pos_
7,8,51.936519109297215,406925.0,0.24431206963113736,0.05,1.0,0.40241229591610106,0.5,0.005259371791682539,,,1.1056808036005257,,LearningParams_Fit_alpha_neg-exp_neg_Fix_alpha_pos-beta-exp_pos_
8,23,51.93651910929762,406925.0,0.8271045879201402,0.05,1.0,0.4335043724267009,0.5,0.005259390121542823,,,1.1056801602120825,,LearningParams_Fit_alpha_neg-exp_neg_Fix_alpha_pos-beta-exp_pos_
9,36,51.936519109297905,406925.0,0.0475725464506378,0.05,1.0,0.9018759447206668,0.5,0.005259379576902552,,,1.1056804131228977,,LearningParams_Fit_alpha_neg-exp_neg_Fix_alpha_pos-beta-exp_pos_
10,9,51.93651910930033,406925.0,0.7535516572235285,0.05,1.0,0.08801843415633193,0.5,0.005259392658002906,,,1.105680162802125,,LearningParams_Fit_alpha_neg-exp_neg_Fix_alpha_pos-beta-exp_pos_
11,24,51.936519109300725,406925.0,0.7766614015149729,0.05,1.0,0.193610915942566,0.5,0.0052593723575578176,,,1.1056806547806577,,LearningParams_Fit_alpha_neg-exp_neg_Fix_alpha_pos-beta-exp_pos_
12,17,51.93651910930186,406925.0,0.4464229741440461,0.05,1.0,0.2964533985239609,0.5,0.005259394153448579,,,1.1056800568227785,,LearningParams_Fit_alpha_neg-exp_neg_Fix_alpha_pos-beta-exp_pos_
13,47,51.936519109304285,406925.0,0.6240658364164349,0.05,1.0,0.2907550322570529,0.5,0.005259371712501606,,,1.105680923912824,,LearningParams_Fit_alpha_neg-exp_neg_Fix_alpha_pos-beta-exp_pos_
14,25,51.93651910930565,406925.0,0.9952591781266682,0.05,1.0,0.3213038117014655,0.5,0.0052593903250204785,,,1.1056803505106028,,LearningParams_Fit_alpha_neg-exp_neg_Fix_alpha_pos-beta-exp_pos_
15,39,51.936519109305934,406925.0,0.8327189550001468,0.05,1.0,0.4047886558734815,0.5,0.00525939143570464,,,1.1056803073394499,,LearningParams_Fit_alpha_neg-exp_neg_Fix_alpha_pos-beta-exp_pos_
16,20,51.936519109306545,406925.0,0.5735234929490949,0.05,1.0,0.3204469244755259,0.5,0.005259389368691263,,,1.1056803962858772,,LearningParams_Fit_alpha_neg-exp_neg_Fix_alpha_pos-beta-exp_pos_
17,31,51.93651910930679,406925.0,0.00365055170227202,0.05,1.0,0.5552318244710184,0.5,0.005259375393681576,,,1.1056808543603147,,LearningParams_Fit_alpha_neg-exp_neg_Fix_alpha_pos-beta-exp_pos_
18,44,51.93651910930944,406925.0,0.1380937969278503,0.05,1.0,0.435098668772172,0.5,0.005259395024354451,,,1.1056801841399613,,LearningParams_Fit_alpha_neg-exp_neg_Fix_alpha_pos-beta-exp_pos_
19,37,51.936519109312776,406925.0,0.053958009099218114,0.05,1.0,0.6587034916679205,0.5,0.005259363231445749,,,1.1056809492121802,,LearningParams_Fit_alpha_neg-exp_neg_Fix_alpha_pos-beta-exp_pos_
20,27,51.93651910931486,406925.0,0.4581758007971697,0.05,1.0,0.453847522825979,0.5,0.005259387761497375,,,1.105680513122509,,LearningParams_Fit_alpha_neg-exp_neg_Fix_alpha_pos-beta-exp_pos_
21,45,51.93651910931582,406925.0,0.07819336174316427,0.05,1.0,0.6087634622201716,0.5,0.0052593745729021535,,,1.1056804493001544,,LearningParams_Fit_alpha_neg-exp_neg_Fix_alpha_pos-beta-exp_pos_
22,15,51.936519109322326,406925.0,0.7166393733130941,0.05,1.0,0.3133761085499468,0.5,0.0052593652961182725,,,1.1056807687101298,,LearningParams_Fit_alpha_neg-exp_neg_Fix_alpha_pos-beta-exp_pos_
23,21,51.93651910933289,406925.0,0.06862727137699043,0.05,1.0,0.13914653748896166,0.5,0.0052593859291202244,,,1.1056806661564065,,LearningParams_Fit_alpha_neg-exp_neg_Fix_alpha_pos-beta-exp_pos_
24,49,90.67818938459995,406925.0,0.6031785005586336,0.05,1.0,0.031233058522003976,0.5,-11.999908306353404,,,-1.7516336842187017,,LearningParams_Fit_alpha_neg-exp_neg_Fix_alpha_pos-beta-exp_pos_
25,14,90.67818938459995,406925.0,0.9282366400198908,0.05,1.0,0.05347498295388842,0.5,-11.999913505159302,,,-1.7516339513798234,,LearningParams_Fit_alpha_neg-exp_neg_Fix_alpha_pos-beta-exp_pos_
26,0,90.67818938459999,406925.0,0.6242883386017172,0.05,1.0,0.05829458259357422,0.5,-11.99991059079262,,,-1.7516337555566506,,LearningParams_Fit_alpha_neg-exp_neg_Fix_alpha_pos-beta-exp_pos_
27,29,90.67818938460005,406925.0,0.6149757938139885,0.05,1.0,0.004564272816378835,0.5,-11.999900312774367,,,-1.7516334431544456,,LearningParams_Fit_alpha_neg-exp_neg_Fix_alpha_pos-beta-exp_pos_
28,42,90.67818938460005,406925.0,0.3565934520200809,0.05,1.0,0.039549626818101265,0.5,-11.999913982747126,,,-1.7516339039453317,,LearningParams_Fit_alpha_neg-exp_neg_Fix_alpha_pos-beta-exp_pos_
29,1,95.74648978985624,406925.0,0.410918207684196,0.05,1.0,0.5292556525749964,0.5,4.0877282539139435,,,-29.16325274237904,,LearningParams_Fit_alpha_neg-exp_neg_Fix_alpha_pos-beta-exp_pos_
30,46,95.74648978985624,406925.0,0.4771577414581107,0.05,1.0,0.6237887610333556,0.5,3.7570871681515734,,,-27.428156298188934,,LearningParams_Fit_alpha_neg-exp_neg_Fix_alpha_pos-beta-exp_pos_
31,2,95.74648978985624,406925.0,0.3195653180283524,0.05,1.0,0.8213302188489643,0.5,1.9582347900030888,,,-26.38852180971966,,LearningParams_Fit_alpha_neg-exp_neg_Fix_alpha_pos-beta-exp_pos_
32,4,95.74648978985624,406925.0,0.7153095591464681,0.05,1.0,0.7150371127002595,0.5,6.061445187601155,,,-25.31831898409043,,LearningParams_Fit_alpha_neg-exp_neg_Fix_alpha_pos-beta-exp_pos_
33,43,95.74648978985624,406925.0,0.5927177279222167,0.05,1.0,0.4738721773554452,0.5,3.6066352800751074,,,-24.326024607590533,,LearningParams_Fit_alpha_neg-exp_neg_Fix_alpha_pos-beta-exp_pos_
34,41,95.74648978985624,406925.0,0.7233659414091195,0.05,1.0,0.8426579980055343,0.5,3.841504060234244,,,-28.22822002498418,,LearningParams_Fit_alpha_neg-exp_neg_Fix_alpha_pos-beta-exp_pos_
35,40,95.74648978985624,406925.0,0.19185384744856127,0.05,1.0,0.7645620596531747,0.5,1.1756434677820256,,,-24.56461740116736,,LearningParams_Fit_alpha_neg-exp_neg_Fix_alpha_pos-beta-exp_pos_
36,5,95.74648978985624,406925.0,0.5032483233737758,0.05,1.0,0.5327602938656262,0.5,3.0622218169197666,,,-27.349020765153142,,LearningParams_Fit_alpha_neg-exp_neg_Fix_alpha_pos-beta-exp_pos_
37,38,95.74648978985624,406925.0,0.5717767407779626,0.05,1.0,0.958606218816213,0.5,3.0982733359113968,,,-24.783621698052762,,LearningParams_Fit_alpha_neg-exp_neg_Fix_alpha_pos-beta-exp_pos_
38,22,95.74648978985624,406925.0,0.3426722134092448,0.05,1.0,0.7633016833616569,0.5,2.099829399527708,,,-24.524122766373893,,LearningParams_Fit_alpha_neg-exp_neg_Fix_alpha_pos-beta-exp_pos_
39,10,95.74648978985624,406925.0,0.5996987550576564,0.05,1.0,0.7487738536587148,0.5,3.674838599260257,,,-24.057358069098683,,LearningParams_Fit_alpha_neg-exp_neg_Fix_alpha_pos-beta-exp_pos_
40,11,95.74648978985624,406925.0,0.5727722994567133,0.05,1.0,0.7505677746048366,0.5,5.182862157749981,,,-24.893342540165552,,LearningParams_Fit_alpha_neg-exp_neg_Fix_alpha_pos-beta-exp_pos_
41,34,95.74648978985624,406925.0,0.9061170215974732,0.05,1.0,0.7249275373538968,0.5,4.3363539690805855,,,-27.145987700529794,,LearningParams_Fit_alpha_neg-exp_neg_Fix_alpha_pos-beta-exp_pos_
42,33,95.74648978985624,406925.0,0.8412044691225655,0.05,1.0,0.831087840039316,0.5,5.154739153501431,,,-26.70202445906006,,LearningParams_Fit_alpha_neg-exp_neg_Fix_alpha_pos-beta-exp_pos_
43,12,95.74648978985624,406925.0,0.7779168334650046,0.05,1.0,0.6136646514180016,0.5,4.733555560037866,,,-31.50221119651332,,LearningParams_Fit_alpha_neg-exp_neg_Fix_alpha_pos-beta-exp_pos_
44,30,95.74648978985624,406925.0,0.16763851305827016,0.05,1.0,0.8897846958668005,0.5,0.9083789144230728,,,-23.004323216588286,,LearningParams_Fit_alpha_neg-exp_neg_Fix_alpha_pos-beta-exp_pos_
45,16,95.74648978985624,406925.0,0.7137539851971096,0.05,1.0,0.7566541129668104,0.5,4.3737471072886365,,,-24.310542951190648,,LearningParams_Fit_alpha_neg-exp_neg_Fix_alpha_pos-beta-exp_pos_
46,18,95.74648978985624,406925.0,0.6225549716337094,0.05,1.0,0.9724133065453618,0.5,3.3734241552521134,,,-25.140587501439327,,LearningParams_Fit_alpha_neg-exp_neg_Fix_alpha_pos-beta-exp_pos_
47,26,95.74648978985624,406925.0,0.0962750325981444,0.05,1.0,0.8110735182260512,0.5,0.5899548780998889,,,-26.05898423534081,,LearningParams_Fit_alpha_neg-exp_neg_Fix_alpha_pos-beta-exp_pos_
48,48,95.74648978985624,406925.0,0.1451129336852105,0.05,1.0,0.6103796248954483,0.5,1.1426031555424436,,,-26.838553046593088,,LearningParams_Fit_alpha_neg-exp_neg_Fix_alpha_pos-beta-exp_pos_
49,6,95.74648978985624,406925.0,0.4518388647063705,0.05,1.0,0.6741732133880506,0.5,3.557729138948825,,,-29.6435739531878,,LearningParams_Fit_alpha_neg-exp_neg_Fix_alpha_pos-beta-exp_pos_
0,24,79.25140236574346,100003.0,0.4629586710505448,0.05,1.0,0.2105044596054051,0.5,0.08944938022755125,,,-0.1816761546227454,,LearningParams_Fit_alpha_neg-exp_neg_Fix_alpha_pos-beta-exp_pos_
1,29,79.25140236574373,100003.0,0.3450850794965761,0.05,1.0,0.9880505606959114,0.5,0.08944941409356436,,,-0.18167632454679666,,LearningParams_Fit_alpha_neg-exp_neg_Fix_alpha_pos-beta-exp_pos_
2,27,79.25140236574373,100003.0,0.8768015847000659,0.05,1.0,0.8348302042801661,0.5,0.08944932661732223,,,-0.18167598089559284,,LearningParams_Fit_alpha_neg-exp_neg_Fix_alpha_pos-beta-exp_pos_
3,15,79.25140236574373,100003.0,0.7808729437370303,0.05,1.0,0.7872599897565387,0.5,0.08944938985897946,,,-0.1816762987320508,,LearningParams_Fit_alpha_neg-exp_neg_Fix_alpha_pos-beta-exp_pos_
4,49,79.25140236574373,100003.0,0.09896607856167584,0.05,1.0,0.6560246577629675,0.5,0.08944931408537317,,,-0.18167592359696916,,LearningParams_Fit_alpha_neg-exp_neg_Fix_alpha_pos-beta-exp_pos_
5,4,79.25140236574376,100003.0,0.6075235961507128,0.05,1.0,0.8080065511696508,0.5,0.08944938956805976,,,-0.181676296048374,,LearningParams_Fit_alpha_neg-exp_neg_Fix_alpha_pos-beta-exp_pos_
6,41,79.2514023657438,100003.0,0.2550408813122837,0.05,1.0,0.17082323481093653,0.5,0.08944930196178916,,,-0.18167571939041455,,LearningParams_Fit_alpha_neg-exp_neg_Fix_alpha_pos-beta-exp_pos_
7,40,79.2514023657438,100003.0,0.6347572911106495,0.05,1.0,0.5847348871526991,0.5,0.08944930959619464,,,-0.18167587946258107,,LearningParams_Fit_alpha_neg-exp_neg_Fix_alpha_pos-beta-exp_pos_
8,8,79.25140236574381,100003.0,0.9852439290185117,0.05,1.0,0.6095980170860863,0.5,0.08944936154480734,,,-0.18167596124118168,,LearningParams_Fit_alpha_neg-exp_neg_Fix_alpha_pos-beta-exp_pos_
9,25,79.25140236574381,100003.0,0.3776886717527911,0.05,1.0,0.06044979784794169,0.5,0.0894493068985367,,,-0.181675743367735,,LearningParams_Fit_alpha_neg-exp_neg_Fix_alpha_pos-beta-exp_pos_
10,34,79.25140236574384,100003.0,0.3767622681402297,0.05,1.0,0.6692472102567093,0.5,0.08944934138477922,,,-0.18167610198469145,,LearningParams_Fit_alpha_neg-exp_neg_Fix_alpha_pos-beta-exp_pos_
11,3,79.25140236574386,100003.0,0.7728968649354908,0.05,1.0,0.9550680116890936,0.5,0.08944937297556446,,,-0.18167599767369685,,LearningParams_Fit_alpha_neg-exp_neg_Fix_alpha_pos-beta-exp_pos_
12,6,79.25140236574387,100003.0,0.044057947233720585,0.05,1.0,0.0245142878743716,0.5,0.08944930266928325,,,-0.18167584599564496,,LearningParams_Fit_alpha_neg-exp_neg_Fix_alpha_pos-beta-exp_pos_
13,1,79.2514023657439,100003.0,0.8720989676298644,0.05,1.0,0.3394164767732957,0.5,0.0894494203151077,,,-0.1816763909086588,,LearningParams_Fit_alpha_neg-exp_neg_Fix_alpha_pos-beta-exp_pos_
14,18,79.2514023657439,100003.0,0.5030392125232183,0.05,1.0,0.3330535393998534,0.5,0.08944940868286548,,,-0.18167638715170328,,LearningParams_Fit_alpha_neg-exp_neg_Fix_alpha_pos-beta-exp_pos_
15,2,79.2514023657439,100003.0,0.0476980600834479,0.05,1.0,0.9734734354557744,0.5,0.08944935947750725,,,-0.18167619895738826,,LearningParams_Fit_alpha_neg-exp_neg_Fix_alpha_pos-beta-exp_pos_
16,12,79.25140236574394,100003.0,0.5386549804935903,0.05,1.0,0.0964342000530859,0.5,0.08944940469017655,,,-0.1816762057852224,,LearningParams_Fit_alpha_neg-exp_neg_Fix_alpha_pos-beta-exp_pos_
17,30,79.25140236574394,100003.0,0.8592471227552394,0.05,1.0,0.8074427064423877,0.5,0.08944928825647598,,,-0.18167570263384736,,LearningParams_Fit_alpha_neg-exp_neg_Fix_alpha_pos-beta-exp_pos_
18,46,79.25140236574394,100003.0,0.6973249166671884,0.05,1.0,0.3487465371160557,0.5,0.08944940259929718,,,-0.18167616737988374,,LearningParams_Fit_alpha_neg-exp_neg_Fix_alpha_pos-beta-exp_pos_
19,7,79.25140236574403,100003.0,0.9417811439846648,0.05,1.0,0.25131737333966586,0.5,0.0894493749959363,,,-0.1816762909659838,,LearningParams_Fit_alpha_neg-exp_neg_Fix_alpha_pos-beta-exp_pos_
20,36,79.25140236574407,100003.0,0.5029064511694935,0.05,1.0,0.5054788828552657,0.5,0.08944936553445137,,,-0.18167625645469304,,LearningParams_Fit_alpha_neg-exp_neg_Fix_alpha_pos-beta-exp_pos_
21,14,79.25140236574407,100003.0,0.8823264179195179,0.05,1.0,0.4614765725681413,0.5,0.0894493220961825,,,-0.181675729054296,,LearningParams_Fit_alpha_neg-exp_neg_Fix_alpha_pos-beta-exp_pos_
22,37,79.25140236574407,100003.0,0.2942578627499015,0.05,1.0,0.5262072970475269,0.5,0.08944935151761724,,,-0.18167618274118205,,LearningParams_Fit_alpha_neg-exp_neg_Fix_alpha_pos-beta-exp_pos_
23,21,79.25140236574407,100003.0,0.2696437835268129,0.05,1.0,0.4474990811936384,0.5,0.08944935378082143,,,-0.1816758748040732,,LearningParams_Fit_alpha_neg-exp_neg_Fix_alpha_pos-beta-exp_pos_
24,38,79.2514023657441,100003.0,0.1501051468613378,0.05,1.0,0.9373443206096423,0.5,0.08944933801654388,,,-0.18167580598200425,,LearningParams_Fit_alpha_neg-exp_neg_Fix_alpha_pos-beta-exp_pos_
25,28,79.25140236574413,100003.0,0.9055752180337776,0.05,1.0,0.5873448511967955,0.5,0.0894492796076647,,,-0.18167560713362754,,LearningParams_Fit_alpha_neg-exp_neg_Fix_alpha_pos-beta-exp_pos_
26,45,79.25140236574416,100003.0,0.9482434307889158,0.05,1.0,0.8274326592258244,0.5,0.08944943904237704,,,-0.18167644653069792,,LearningParams_Fit_alpha_neg-exp_neg_Fix_alpha_pos-beta-exp_pos_
27,42,79.25140236574418,100003.0,0.059161013132318474,0.05,1.0,0.060733567580230415,0.5,0.08944927410797125,,,-0.1816755702192573,,LearningParams_Fit_alpha_neg-exp_neg_Fix_alpha_pos-beta-exp_pos_
28,32,79.25140236574424,100003.0,0.4642390148165988,0.05,1.0,0.18746716948853848,0.5,0.08944934820115143,,,-0.18167583261401352,,LearningParams_Fit_alpha_neg-exp_neg_Fix_alpha_pos-beta-exp_pos_
29,33,79.25140236574427,100003.0,0.9179219595036494,0.05,1.0,0.7568530663468213,0.5,0.08944926751421645,,,-0.18167562321755465,,LearningParams_Fit_alpha_neg-exp_neg_Fix_alpha_pos-beta-exp_pos_
30,10,79.25140236574427,100003.0,0.18426800645343502,0.05,1.0,0.6139124578877782,0.5,0.0894493058449281,,,-0.18167594722382627,,LearningParams_Fit_alpha_neg-exp_neg_Fix_alpha_pos-beta-exp_pos_
31,17,79.25140236574427,100003.0,0.5141604439602699,0.05,1.0,0.799598523861756,0.5,0.08944930435714354,,,-0.18167594251828376,,LearningParams_Fit_alpha_neg-exp_neg_Fix_alpha_pos-beta-exp_pos_
32,31,79.25140236574434,100003.0,0.3726145758845559,0.05,1.0,0.008997108086388539,0.5,0.08944939203999076,,,-0.18167605261854333,,LearningParams_Fit_alpha_neg-exp_neg_Fix_alpha_pos-beta-exp_pos_
33,19,79.25140236574437,100003.0,0.20826975728914845,0.05,1.0,0.9205235568835024,0.5,0.08944943563364025,,,-0.18167632959283736,,LearningParams_Fit_alpha_neg-exp_neg_Fix_alpha_pos-beta-exp_pos_
34,23,79.25140236574441,100003.0,0.5754441537625143,0.05,1.0,0.942296676160736,0.5,0.0894492975160473,,,-0.181675598650315,,LearningParams_Fit_alpha_neg-exp_neg_Fix_alpha_pos-beta-exp_pos_
35,43,79.25140236574444,100003.0,0.9524256630252876,0.05,1.0,0.11219310368927116,0.5,0.08944932441546896,,,-0.18167607446592154,,LearningParams_Fit_alpha_neg-exp_neg_Fix_alpha_pos-beta-exp_pos_
36,35,79.25140236574444,100003.0,0.8533975407286396,0.05,1.0,0.6175579418039105,0.5,0.0894492627819729,,,-0.18167565021345292,,LearningParams_Fit_alpha_neg-exp_neg_Fix_alpha_pos-beta-exp_pos_
37,13,79.25140236574444,100003.0,0.5865788292125899,0.05,1.0,0.17260454781510634,0.5,0.0894493788062809,,,-0.18167596268593889,,LearningParams_Fit_alpha_neg-exp_neg_Fix_alpha_pos-beta-exp_pos_
38,48,79.25140236574447,100003.0,0.04958768393124113,0.05,1.0,0.2939571145420333,0.5,0.0894492878946781,,,-0.1816758550031728,,LearningParams_Fit_alpha_neg-exp_neg_Fix_alpha_pos-beta-exp_pos_
39,16,79.25140236574448,100003.0,0.2864609220662045,0.05,1.0,0.2839798911811273,0.5,0.08944937168131951,,,-0.18167632323531646,,LearningParams_Fit_alpha_neg-exp_neg_Fix_alpha_pos-beta-exp_pos_
40,26,79.25140236574454,100003.0,0.4224987735074519,0.05,1.0,0.4510439085992514,0.5,0.08944932515777762,,,-0.18167609309102248,,LearningParams_Fit_alpha_neg-exp_neg_Fix_alpha_pos-beta-exp_pos_
41,47,79.25140236574454,100003.0,0.24074093025208065,0.05,1.0,0.4406500544847631,0.5,0.0894493577196646,,,-0.1816758494432048,,LearningParams_Fit_alpha_neg-exp_neg_Fix_alpha_pos-beta-exp_pos_
42,44,79.25140236574454,100003.0,0.8403498613041696,0.05,1.0,0.7846223661148055,0.5,0.08944933686150097,,,-0.181675745306715,,LearningParams_Fit_alpha_neg-exp_neg_Fix_alpha_pos-beta-exp_pos_
43,9,79.25140236574471,100003.0,0.4355390548596125,0.05,1.0,0.2680439074301201,0.5,0.0894493704119397,,,-0.18167633956589269,,LearningParams_Fit_alpha_neg-exp_neg_Fix_alpha_pos-beta-exp_pos_
44,0,79.25140236574474,100003.0,0.9180127313115874,0.05,1.0,0.8031230129125364,0.5,0.08944943555339648,,,-0.18167660341764244,,LearningParams_Fit_alpha_neg-exp_neg_Fix_alpha_pos-beta-exp_pos_
45,5,79.25140236574477,100003.0,0.3944324584739579,0.05,1.0,0.5800920268190083,0.5,0.08944946744870719,,,-0.18167656495110715,,LearningParams_Fit_alpha_neg-exp_neg_Fix_alpha_pos-beta-exp_pos_
46,39,79.25140236574488,100003.0,0.7606117415332592,0.05,1.0,0.10436596515089937,0.5,0.08944935681193457,,,-0.18167628985802092,,LearningParams_Fit_alpha_neg-exp_neg_Fix_alpha_pos-beta-exp_pos_
47,20,79.25140236574488,100003.0,0.8933985177749192,0.05,1.0,0.6287752820253891,0.5,0.08944938060175353,,,-0.18167640133223706,,LearningParams_Fit_alpha_neg-exp_neg_Fix_alpha_pos-beta-exp_pos_
48,11,79.25140236574583,100003.0,0.4880370735399624,0.05,1.0,0.257718940978929,0.5,0.0894494413816429,,,-0.18167673326344105,,LearningParams_Fit_alpha_neg-exp_neg_Fix_alpha_pos-beta-exp_pos_
49,22,79.25140236574599,100003.0,0.16647972932224053,0.05,1.0,0.6656523162108196,0.5,0.08944941208019347,,,-0.18167602492938595,,LearningParams_Fit_alpha_neg-exp_neg_Fix_alpha_pos-beta-exp_pos_
0,18,57.44724150547971,409381.0,0.6196737062500238,0.05,1.0,0.02386799969188258,0.5,0.006115361002542247,,,1.0134198549950195,,LearningParams_Fit_alpha_neg-exp_neg_Fix_alpha_pos-beta-exp_pos_
1,12,57.44724150547986,409381.0,0.04872679377762856,0.05,1.0,0.5470768766486518,0.5,0.006115354259553698,,,1.0134200764595185,,LearningParams_Fit_alpha_neg-exp_neg_Fix_alpha_pos-beta-exp_pos_
2,7,57.4472415054799,409381.0,0.12328296335579347,0.05,1.0,0.08451377648481229,0.5,0.006115352611767615,,,1.0134201141512542,,LearningParams_Fit_alpha_neg-exp_neg_Fix_alpha_pos-beta-exp_pos_
3,27,57.44724150548063,409381.0,0.5932058268107238,0.05,1.0,0.0022636590282532065,0.5,0.006115349878294835,,,1.013420168207723,,LearningParams_Fit_alpha_neg-exp_neg_Fix_alpha_pos-beta-exp_pos_
4,22,57.44724150548155,409381.0,0.9358655385777802,0.05,1.0,0.2703053366139343,0.5,0.006115354812024528,,,1.0134200815743393,,LearningParams_Fit_alpha_neg-exp_neg_Fix_alpha_pos-beta-exp_pos_
5,49,57.44724150548231,409381.0,0.0035413606794888475,0.05,1.0,0.03351129345864578,0.5,0.006115348897292622,,,1.013420162375052,,LearningParams_Fit_alpha_neg-exp_neg_Fix_alpha_pos-beta-exp_pos_
6,16,57.44724150548347,409381.0,0.3911411756294271,0.05,1.0,0.2491861377096214,0.5,0.006115347874183548,,,1.0134202603142326,,LearningParams_Fit_alpha_neg-exp_neg_Fix_alpha_pos-beta-exp_pos_
7,13,57.447241505484115,409381.0,0.4060523796832759,0.05,1.0,0.3840003950087082,0.5,0.006115348095851584,,,1.013420261823342,,LearningParams_Fit_alpha_neg-exp_neg_Fix_alpha_pos-beta-exp_pos_
8,26,57.44724150548562,409381.0,0.08385028336435585,0.05,1.0,0.9249956767755694,0.5,0.0061153460639896545,,,1.0134202311888132,,LearningParams_Fit_alpha_neg-exp_neg_Fix_alpha_pos-beta-exp_pos_
9,30,57.44724150548761,409381.0,0.667990760500302,0.05,1.0,0.303362747693302,0.5,0.006115359843287562,,,1.0134197981649682,,LearningParams_Fit_alpha_neg-exp_neg_Fix_alpha_pos-beta-exp_pos_
10,21,57.447241505487774,409381.0,0.3605831875497349,0.05,1.0,0.0920823115052204,0.5,0.006115350930039226,,,1.0134200521033097,,LearningParams_Fit_alpha_neg-exp_neg_Fix_alpha_pos-beta-exp_pos_
11,6,57.44724150548836,409381.0,0.13241243929506666,0.05,1.0,0.30975142156792,0.5,0.006115357544592036,,,1.0134200465543055,,LearningParams_Fit_alpha_neg-exp_neg_Fix_alpha_pos-beta-exp_pos_
12,24,57.44724150548857,409381.0,0.3486461883904435,0.05,1.0,0.1307389403091218,0.5,0.006115357494723221,,,1.013419856275754,,LearningParams_Fit_alpha_neg-exp_neg_Fix_alpha_pos-beta-exp_pos_
13,17,57.44724150548864,409381.0,0.7124767157278595,0.05,1.0,0.015121582769103803,0.5,0.006115351714464274,,,1.0134200227908494,,LearningParams_Fit_alpha_neg-exp_neg_Fix_alpha_pos-beta-exp_pos_
14,2,57.447241505488975,409381.0,0.005009602426745419,0.05,1.0,0.6931420916622011,0.5,0.00611534716078004,,,1.0134201671692833,,LearningParams_Fit_alpha_neg-exp_neg_Fix_alpha_pos-beta-exp_pos_
15,37,57.44724150549055,409381.0,0.07241254037973754,0.05,1.0,0.6179784726912573,0.5,0.006115371744116296,,,1.0134195447272485,,LearningParams_Fit_alpha_neg-exp_neg_Fix_alpha_pos-beta-exp_pos_
16,29,57.44724150549129,409381.0,0.35226461993546904,0.05,1.0,0.4053241119729361,0.5,0.00611534048705461,,,1.0134204240456937,,LearningParams_Fit_alpha_neg-exp_neg_Fix_alpha_pos-beta-exp_pos_
17,14,57.44724150549162,409381.0,0.8346164392600788,0.05,1.0,0.25904974932210245,0.5,0.006115372331486275,,,1.0134195312601348,,LearningParams_Fit_alpha_neg-exp_neg_Fix_alpha_pos-beta-exp_pos_
18,46,57.44724150549371,409381.0,0.12165921283005332,0.05,1.0,0.4728365969403743,0.5,0.0061153397443773645,,,1.0134204184252495,,LearningParams_Fit_alpha_neg-exp_neg_Fix_alpha_pos-beta-exp_pos_
19,35,57.44724150549408,409381.0,0.05972362041654832,0.05,1.0,0.6693837565062908,0.5,0.00611535427936806,,,1.013419923775997,,LearningParams_Fit_alpha_neg-exp_neg_Fix_alpha_pos-beta-exp_pos_
20,1,57.44724150549919,409381.0,0.02182343971783673,0.05,1.0,0.7922125667005272,0.5,0.006115339084064621,,,1.0134203984558368,,LearningParams_Fit_alpha_neg-exp_neg_Fix_alpha_pos-beta-exp_pos_
21,32,57.44724150550559,409381.0,0.047253830159962214,0.05,1.0,0.6905243773877057,0.5,0.006115378836394122,,,1.013419381268656,,LearningParams_Fit_alpha_neg-exp_neg_Fix_alpha_pos-beta-exp_pos_
22,15,57.447241505552796,409381.0,0.059535924261863486,0.05,1.0,0.9238407178659449,0.5,0.006115380272672843,,,1.013419514591859,,LearningParams_Fit_alpha_neg-exp_neg_Fix_alpha_pos-beta-exp_pos_
23,36,109.42252832255072,409381.0,0.9036915933025544,0.05,1.0,0.3310456608708469,0.5,9.471718229778688,,,-25.72827714807809,,LearningParams_Fit_alpha_neg-exp_neg_Fix_alpha_pos-beta-exp_pos_
24,38,109.42252832255072,409381.0,0.8301811377906908,0.05,1.0,0.5726764116730882,0.5,9.33822037402334,,,-27.80774604490222,,LearningParams_Fit_alpha_neg-exp_neg_Fix_alpha_pos-beta-exp_pos_
25,10,109.42252832255072,409381.0,0.13594028742869502,0.05,1.0,0.9598859635527864,0.5,0.7366164759402223,,,-24.816707973521083,,LearningParams_Fit_alpha_neg-exp_neg_Fix_alpha_pos-beta-exp_pos_
26,40,109.42252832255072,409381.0,0.4577416039605909,0.05,1.0,0.7728328495365403,0.5,2.8049524874533005,,,-24.830349641637905,,LearningParams_Fit_alpha_neg-exp_neg_Fix_alpha_pos-beta-exp_pos_
27,42,109.42252832255072,409381.0,0.35051460515510746,0.05,1.0,0.5011348517902078,0.5,3.4868458688575537,,,-27.61372933792449,,LearningParams_Fit_alpha_neg-exp_neg_Fix_alpha_pos-beta-exp_pos_
28,43,109.42252832255072,409381.0,0.19620865239481367,0.05,1.0,0.8326997316795506,0.5,1.2023288747030159,,,-26.753812931865653,,LearningParams_Fit_alpha_neg-exp_neg_Fix_alpha_pos-beta-exp_pos_
29,44,109.42252832255072,409381.0,0.9165338564421708,0.05,1.0,0.6288997918364867,0.5,7.216685997156036,,,-27.652889670237627,,LearningParams_Fit_alpha_neg-exp_neg_Fix_alpha_pos-beta-exp_pos_
30,45,109.42252832255072,409381.0,0.6818980247400646,0.05,1.0,0.8724767611371747,0.5,-0.22828746387018786,,,-24.92905845971895,,LearningParams_Fit_alpha_neg-exp_neg_Fix_alpha_pos-beta-exp_pos_
31,47,109.42252832255072,409381.0,0.4886788494513053,0.05,1.0,0.8650076949814304,0.5,2.6479927235563303,,,-22.363743378170835,,LearningParams_Fit_alpha_neg-exp_neg_Fix_alpha_pos-beta-exp_pos_
32,39,109.42252832255072,409381.0,0.5483006343423805,0.05,1.0,0.8233078064648044,0.5,3.359880803631976,,,-26.452059729953998,,LearningParams_Fit_alpha_neg-exp_neg_Fix_alpha_pos-beta-exp_pos_
33,41,109.42252832255072,409381.0,0.6451616563320667,0.05,1.0,0.7643565856699636,0.5,3.953426511988922,,,-24.558015726758114,,LearningParams_Fit_alpha_neg-exp_neg_Fix_alpha_pos-beta-exp_pos_
34,31,109.42252832255072,409381.0,0.8251170993613829,0.05,1.0,0.5284957509698965,0.5,5.020765029556434,,,-27.13010228802154,,LearningParams_Fit_alpha_neg-exp_neg_Fix_alpha_pos-beta-exp_pos_
35,33,109.42252832255072,409381.0,0.4391298153823245,0.05,1.0,0.46301287199886604,0.5,4.3683714177345125,,,-25.513117041606712,,LearningParams_Fit_alpha_neg-exp_neg_Fix_alpha_pos-beta-exp_pos_
36,11,109.42252832255072,409381.0,0.38383161777420105,0.05,1.0,0.5764655654918324,0.5,3.022247614517533,,,-25.347342912432307,,LearningParams_Fit_alpha_neg-exp_neg_Fix_alpha_pos-beta-exp_pos_
37,28,109.42252832255072,409381.0,0.6607875428483058,0.05,1.0,0.7138282671304432,0.5,4.049178938408375,,,-22.93459118302578,,LearningParams_Fit_alpha_neg-exp_neg_Fix_alpha_pos-beta-exp_pos_
38,3,109.42252832255072,409381.0,0.5825855877970662,0.05,1.0,0.7131551017198823,0.5,3.5715614097355117,,,-27.649570434770443,,LearningParams_Fit_alpha_neg-exp_neg_Fix_alpha_pos-beta-exp_pos_
39,25,109.42252832255072,409381.0,0.6124605513774407,0.05,1.0,0.8349585550617546,0.5,3.7530404319575457,,,-26.82638667713601,,LearningParams_Fit_alpha_neg-exp_neg_Fix_alpha_pos-beta-exp_pos_
40,48,109.42252832255072,409381.0,0.4174291039917656,0.05,1.0,0.6050720454435965,0.5,2.874054413140688,,,-27.499401773139674,,LearningParams_Fit_alpha_neg-exp_neg_Fix_alpha_pos-beta-exp_pos_
41,23,109.42252832255072,409381.0,0.9461982711569952,0.05,1.0,0.8233386866549129,0.5,3.927000031826364,,,-23.61727725669143,,LearningParams_Fit_alpha_neg-exp_neg_Fix_alpha_pos-beta-exp_pos_
42,4,109.42252832255072,409381.0,0.9721709301460656,0.05,1.0,0.4317337975781483,0.5,12.12911254081684,,,-24.138759952258606,,LearningParams_Fit_alpha_neg-exp_neg_Fix_alpha_pos-beta-exp_pos_
43,5,109.42252832255072,409381.0,0.8927238886247852,0.05,1.0,0.7135529836254779,0.5,3.7943625862509096,,,-27.64943773458387,,LearningParams_Fit_alpha_neg-exp_neg_Fix_alpha_pos-beta-exp_pos_
44,20,109.42252832255072,409381.0,0.2063398549977992,0.05,1.0,0.9268773457661,0.5,1.1180889764869435,,,-23.96330948731981,,LearningParams_Fit_alpha_neg-exp_neg_Fix_alpha_pos-beta-exp_pos_
45,19,109.42252832255072,409381.0,0.9903343403905646,0.05,1.0,0.8326020517820584,0.5,6.068578314607486,,,-26.75067457405747,,LearningParams_Fit_alpha_neg-exp_neg_Fix_alpha_pos-beta-exp_pos_
46,8,109.42252832255072,409381.0,0.2587511864306251,0.05,1.0,0.5194811467570851,0.5,0.6999800772371159,,,-24.923832855416194,,LearningParams_Fit_alpha_neg-exp_neg_Fix_alpha_pos-beta-exp_pos_
47,9,109.42252832255072,409381.0,0.8114457342333802,0.05,1.0,0.8330310947341022,0.5,5.402730902066772,,,-23.09660060843153,,LearningParams_Fit_alpha_neg-exp_neg_Fix_alpha_pos-beta-exp_pos_
48,34,109.42252832255072,409381.0,0.6120713283671473,0.05,1.0,0.9992444235737844,0.5,3.316616681146477,,,-25.83427406544873,,LearningParams_Fit_alpha_neg-exp_neg_Fix_alpha_pos-beta-exp_pos_
49,0,109.42252832255072,409381.0,0.9698558392074602,0.05,1.0,0.7440807214606531,0.5,8.218439043713728,,,-26.346706655141364,,LearningParams_Fit_alpha_neg-exp_neg_Fix_alpha_pos-beta-exp_pos_
0,10,56.495957074297436,200025.0,0.8190119829791052,0.05,1.0,0.0689023585892572,0.5,0.00580677917125054,,,1.0277797993987048,,LearningParams_Fit_alpha_neg-exp_neg_Fix_alpha_pos-beta-exp_pos_
1,29,56.49595707429766,200025.0,0.08186808364000142,0.05,1.0,0.5887489281819618,0.5,0.005806781553233959,,,1.0277797611763266,,LearningParams_Fit_alpha_neg-exp_neg_Fix_alpha_pos-beta-exp_pos_
2,32,56.49595707429893,200025.0,0.046466226775072735,0.05,1.0,0.4909251480136598,0.5,0.005806775247792007,,,1.0277798756693608,,LearningParams_Fit_alpha_neg-exp_neg_Fix_alpha_pos-beta-exp_pos_
3,1,56.495957074301174,200025.0,0.5223753738013126,0.05,1.0,0.25136600378417484,0.5,0.0058067653582810795,,,1.0277802499586643,,LearningParams_Fit_alpha_neg-exp_neg_Fix_alpha_pos-beta-exp_pos_
4,25,56.495957074301344,200025.0,0.2328930058727684,0.05,1.0,0.4770548805754018,0.5,0.0058067637146533325,,,1.0277802515720371,,LearningParams_Fit_alpha_neg-exp_neg_Fix_alpha_pos-beta-exp_pos_
5,38,56.49595707430197,200025.0,0.2422450445361033,0.05,1.0,0.4374817844284107,0.5,0.005806788052271205,,,1.027779553455321,,LearningParams_Fit_alpha_neg-exp_neg_Fix_alpha_pos-beta-exp_pos_
6,16,56.495957074304066,200025.0,0.2459134385629276,0.05,1.0,0.1384110738363028,0.5,0.005806761083328954,,,1.0277803094147593,,LearningParams_Fit_alpha_neg-exp_neg_Fix_alpha_pos-beta-exp_pos_
7,46,56.49595707430418,200025.0,0.3736145624577341,0.05,1.0,0.3283639933479604,0.5,0.005806785621032507,,,1.0277797269366484,,LearningParams_Fit_alpha_neg-exp_neg_Fix_alpha_pos-beta-exp_pos_
8,22,56.49595707430499,200025.0,0.29195987513485044,0.05,1.0,0.15138045607989692,0.5,0.005806788371036898,,,1.0277796399401584,,LearningParams_Fit_alpha_neg-exp_neg_Fix_alpha_pos-beta-exp_pos_
9,37,56.495957074305814,200025.0,0.7131808293362452,0.05,1.0,0.055427645119492164,0.5,0.005806771359690639,,,1.0277801536637858,,LearningParams_Fit_alpha_neg-exp_neg_Fix_alpha_pos-beta-exp_pos_
10,40,56.495957074306425,200025.0,0.17487778205097534,0.05,1.0,0.2523864070461705,0.5,0.005806786242215889,,,1.0277797251528893,,LearningParams_Fit_alpha_neg-exp_neg_Fix_alpha_pos-beta-exp_pos_
11,49,56.495957074306965,200025.0,0.8905749738557237,0.05,1.0,0.21483757205067824,0.5,0.005806762490266539,,,1.0277802086691166,,LearningParams_Fit_alpha_neg-exp_neg_Fix_alpha_pos-beta-exp_pos_
12,30,56.49595707430825,200025.0,0.8767916544911416,0.05,1.0,0.39373120183913296,0.5,0.005806788491056197,,,1.0277796629090994,,LearningParams_Fit_alpha_neg-exp_neg_Fix_alpha_pos-beta-exp_pos_
13,20,56.495957074310674,200025.0,0.17365670005324618,0.05,1.0,0.3976697457870665,0.5,0.005806785696726631,,,1.0277797704429257,,LearningParams_Fit_alpha_neg-exp_neg_Fix_alpha_pos-beta-exp_pos_
14,26,56.49595707431117,200025.0,0.18904245217851007,0.05,1.0,0.2607199904883836,0.5,0.005806786254353824,,,1.0277795016737958,,LearningParams_Fit_alpha_neg-exp_neg_Fix_alpha_pos-beta-exp_pos_
15,36,56.495957074315996,200025.0,0.3956638492513575,0.05,1.0,0.3868663276612565,0.5,0.005806763403519899,,,1.0277801196694123,,LearningParams_Fit_alpha_neg-exp_neg_Fix_alpha_pos-beta-exp_pos_
16,43,56.495957074321716,200025.0,0.052451245345837005,0.05,1.0,0.3837010379745739,0.5,0.00580679503756454,,,1.0277795216991206,,LearningParams_Fit_alpha_neg-exp_neg_Fix_alpha_pos-beta-exp_pos_
17,7,90.77292247582314,200025.0,0.2769567322681713,0.05,1.0,0.015623087808816829,0.5,-1.831969323591914,,,-1.2674300980427582,,LearningParams_Fit_alpha_neg-exp_neg_Fix_alpha_pos-beta-exp_pos_
18,47,90.77292247582315,200025.0,0.3491389963036147,0.05,1.0,0.04623366774986282,0.5,-1.831969742405192,,,-1.2674302596541234,,LearningParams_Fit_alpha_neg-exp_neg_Fix_alpha_pos-beta-exp_pos_
19,39,90.77292247582321,200025.0,0.1296261409704993,0.05,1.0,0.5769286209736251,0.5,-1.831969902562628,,,-1.2674302608941233,,LearningParams_Fit_alpha_neg-exp_neg_Fix_alpha_pos-beta-exp_pos_
20,24,90.77292247582321,200025.0,0.8105447189257887,0.05,1.0,0.0081377236530763,0.5,-1.831970738258368,,,-1.2674304667658554,,LearningParams_Fit_alpha_neg-exp_neg_Fix_alpha_pos-beta-exp_pos_
21,21,90.77292247582321,200025.0,0.9201082443407648,0.05,1.0,0.02531080688521714,0.5,-1.8319695632732484,,,-1.267430077386033,,LearningParams_Fit_alpha_neg-exp_neg_Fix_alpha_pos-beta-exp_pos_
22,34,90.77292247582324,200025.0,0.7937376873486954,0.05,1.0,0.4092612516487253,0.5,-1.8319695793227864,,,-1.2674300607865938,,LearningParams_Fit_alpha_neg-exp_neg_Fix_alpha_pos-beta-exp_pos_
23,2,93.535421222759,200025.0,0.18143446206786676,0.05,1.0,0.9640629332814714,0.5,0.9831347026733624,,,-24.92469854938837,,LearningParams_Fit_alpha_neg-exp_neg_Fix_alpha_pos-beta-exp_pos_
24,3,93.535421222759,200025.0,0.2557646649159864,0.05,1.0,0.5661531186723292,0.5,2.0138626226329994,,,-24.89390190667668,,LearningParams_Fit_alpha_neg-exp_neg_Fix_alpha_pos-beta-exp_pos_
25,45,93.535421222759,200025.0,0.2432280120913389,0.05,1.0,0.7295011754555268,0.5,1.91515040785234,,,-32.0763590337222,,LearningParams_Fit_alpha_neg-exp_neg_Fix_alpha_pos-beta-exp_pos_
26,44,93.535421222759,200025.0,0.5447339003042946,0.05,1.0,0.5059211430714045,0.5,4.2891743527756665,,,-22.24548605802597,,LearningParams_Fit_alpha_neg-exp_neg_Fix_alpha_pos-beta-exp_pos_
27,4,93.535421222759,200025.0,0.7441149580457387,0.05,1.0,0.5839498122136948,0.5,3.561069679592829,,,-21.86686751884434,,LearningParams_Fit_alpha_neg-exp_neg_Fix_alpha_pos-beta-exp_pos_
28,42,93.535421222759,200025.0,0.3890006729466688,0.05,1.0,0.5206634603297213,0.5,3.8696972094692472,,,-28.689802392173423,,LearningParams_Fit_alpha_neg-exp_neg_Fix_alpha_pos-beta-exp_pos_
29,41,93.535421222759,200025.0,0.9591576980092714,0.05,1.0,0.4754243739203367,0.5,7.109990605853567,,,-29.280105772495777,,LearningParams_Fit_alpha_neg-exp_neg_Fix_alpha_pos-beta-exp_pos_
30,5,93.535421222759,200025.0,0.4478529171876869,0.05,1.0,0.8509913092533546,0.5,2.7443565173223528,,,-27.34150309918577,,LearningParams_Fit_alpha_neg-exp_neg_Fix_alpha_pos-beta-exp_pos_
31,6,93.535421222759,200025.0,0.6081006634772889,0.05,1.0,0.97373638830704,0.5,3.2951009315947313,,,-25.174794204059733,,LearningParams_Fit_alpha_neg-exp_neg_Fix_alpha_pos-beta-exp_pos_
32,8,93.535421222759,200025.0,0.6798055845580738,0.05,1.0,0.9701848018541313,0.5,3.6836467208759336,,,-25.08297216770199,,LearningParams_Fit_alpha_neg-exp_neg_Fix_alpha_pos-beta-exp_pos_
33,9,93.535421222759,200025.0,0.09269118829960332,0.05,1.0,0.7386496465859501,0.5,0.21046511905801413,,,-20.260063372783527,,LearningParams_Fit_alpha_neg-exp_neg_Fix_alpha_pos-beta-exp_pos_
34,11,93.535421222759,200025.0,0.9424878486150998,0.05,1.0,0.663559930111828,0.5,7.421044854789589,,,-29.17690508910799,,LearningParams_Fit_alpha_neg-exp_neg_Fix_alpha_pos-beta-exp_pos_
35,35,93.535421222759,200025.0,0.9622661560984068,0.05,1.0,0.8570793049023494,0.5,5.214209254880059,,,-22.158764298609626,,LearningParams_Fit_alpha_neg-exp_neg_Fix_alpha_pos-beta-exp_pos_
36,33,93.535421222759,200025.0,0.504945769058365,0.05,1.0,0.9857243474060974,0.5,2.7361379027522963,,,-25.48472860403643,,LearningParams_Fit_alpha_neg-exp_neg_Fix_alpha_pos-beta-exp_pos_
37,12,93.535421222759,200025.0,0.6251582370848138,0.05,1.0,0.536290923596519,0.5,6.218943188963382,,,-29.550913008100647,,LearningParams_Fit_alpha_neg-exp_neg_Fix_alpha_pos-beta-exp_pos_
38,31,93.535421222759,200025.0,0.7210474368965928,0.05,1.0,0.4469690561344759,0.5,2.6495588695912957,,,-24.564725300932842,,LearningParams_Fit_alpha_neg-exp_neg_Fix_alpha_pos-beta-exp_pos_
39,13,93.535421222759,200025.0,0.13696542619163288,0.05,1.0,0.8576477045752772,0.5,0.8392977819084215,,,-27.55536645048553,,LearningParams_Fit_alpha_neg-exp_neg_Fix_alpha_pos-beta-exp_pos_
40,14,93.535421222759,200025.0,0.09694469969795727,0.05,1.0,0.775367704183666,0.5,0.2235503119109345,,,-27.130297696192212,,LearningParams_Fit_alpha_neg-exp_neg_Fix_alpha_pos-beta-exp_pos_
41,28,93.535421222759,200025.0,0.5331826830839108,0.05,1.0,0.5030602162981159,0.5,7.01990455361745,,,-29.9275140611329,,LearningParams_Fit_alpha_neg-exp_neg_Fix_alpha_pos-beta-exp_pos_
42,27,93.535421222759,200025.0,0.3535837961378093,0.05,1.0,0.6057418192555579,0.5,2.7840796196163407,,,-26.634627509748178,,LearningParams_Fit_alpha_neg-exp_neg_Fix_alpha_pos-beta-exp_pos_
43,15,93.535421222759,200025.0,0.6396583220862948,0.05,1.0,0.9792754696526996,0.5,3.4661016828303586,,,-25.318000552955514,,LearningParams_Fit_alpha_neg-exp_neg_Fix_alpha_pos-beta-exp_pos_
44,17,93.535421222759,200025.0,0.262132390927479,0.05,1.0,0.7048767598191761,0.5,2.0640013914497573,,,-30.993616985426144,,LearningParams_Fit_alpha_neg-exp_neg_Fix_alpha_pos-beta-exp_pos_
45,48,93.535421222759,200025.0,0.2977017159011905,0.05,1.0,0.7946017124650974,0.5,1.8242588423491028,,,-25.529761523704057,,LearningParams_Fit_alpha_neg-exp_neg_Fix_alpha_pos-beta-exp_pos_
46,18,93.535421222759,200025.0,0.3590034061195895,0.05,1.0,0.7880504267264287,0.5,2.1999038066158887,,,-25.319275238615376,,LearningParams_Fit_alpha_neg-exp_neg_Fix_alpha_pos-beta-exp_pos_
47,19,93.535421222759,200025.0,0.6802180399194924,0.05,1.0,0.8573139904643515,0.5,5.764083971573648,,,-30.35611536040483,,LearningParams_Fit_alpha_neg-exp_neg_Fix_alpha_pos-beta-exp_pos_
48,0,93.535421222759,200025.0,0.6412102002453582,0.05,1.0,0.8928050092292446,0.5,4.269276449963724,,,-24.753890760772677,,LearningParams_Fit_alpha_neg-exp_neg_Fix_alpha_pos-beta-exp_pos_
49,23,253.8892246396629,200025.0,0.7225507659353384,0.05,1.0,0.8819703983002356,0.5,0.8993847232709018,,,-0.4425543368706024,,LearningParams_Fit_alpha_neg-exp_neg_Fix_alpha_pos-beta-exp_pos_
0,0,118.7440291363299,200164.0,0.419591300894616,0.05,1.0,0.6241559640137067,0.5,0.5258430099668836,,,-0.19178502118728732,,LearningParams_Fit_alpha_neg-exp_neg_Fix_alpha_pos-beta-exp_pos_
1,8,118.74402913633001,200164.0,0.4455933909691296,0.05,1.0,0.4470947615095697,0.5,0.5258427684615217,,,-0.19178491979628,,LearningParams_Fit_alpha_neg-exp_neg_Fix_alpha_pos-beta-exp_pos_
2,39,118.74402913633035,200164.0,0.02340566709257341,0.05,1.0,0.3175404862116136,0.5,0.5258429684435155,,,-0.1917850524690915,,LearningParams_Fit_alpha_neg-exp_neg_Fix_alpha_pos-beta-exp_pos_
3,47,118.74402913633128,200164.0,0.06777469386561175,0.05,1.0,0.04228508782701701,0.5,0.5258426851794027,,,-0.1917848030773384,,LearningParams_Fit_alpha_neg-exp_neg_Fix_alpha_pos-beta-exp_pos_
4,22,118.7440291363324,200164.0,0.5009974255666527,0.05,1.0,0.6148534709998249,0.5,0.5258431347551438,,,-0.1917850958693036,,LearningParams_Fit_alpha_neg-exp_neg_Fix_alpha_pos-beta-exp_pos_
5,4,118.74402913633256,200164.0,0.4561631812242488,0.05,1.0,0.7393774870469355,0.5,0.5258425985408188,,,-0.19178478591583945,,LearningParams_Fit_alpha_neg-exp_neg_Fix_alpha_pos-beta-exp_pos_
6,49,118.74402913633315,200164.0,0.17350418624248887,0.05,1.0,0.1052238605135063,0.5,0.5258425732441085,,,-0.19178477014278356,,LearningParams_Fit_alpha_neg-exp_neg_Fix_alpha_pos-beta-exp_pos_
7,28,118.74402913633345,200164.0,0.5019104454478436,0.05,1.0,0.05391479555818834,0.5,0.5258427501644386,,,-0.19178478747856595,,LearningParams_Fit_alpha_neg-exp_neg_Fix_alpha_pos-beta-exp_pos_
8,6,118.7440291363336,200164.0,0.5086119445307532,0.05,1.0,0.9004321174554683,0.5,0.5258431695972685,,,-0.19178515230623425,,LearningParams_Fit_alpha_neg-exp_neg_Fix_alpha_pos-beta-exp_pos_
9,24,118.744029136334,200164.0,0.8592891446041482,0.05,1.0,0.11488872634288072,0.5,0.5258431967830578,,,-0.19178512778380893,,LearningParams_Fit_alpha_neg-exp_neg_Fix_alpha_pos-beta-exp_pos_
10,25,118.74402913633443,200164.0,0.2997182923389824,0.05,1.0,0.7387018053189236,0.5,0.5258427482023504,,,-0.19178498325286447,,LearningParams_Fit_alpha_neg-exp_neg_Fix_alpha_pos-beta-exp_pos_
11,42,118.74402913633448,200164.0,0.5778747115775991,0.05,1.0,0.17117230241286996,0.5,0.5258429420846418,,,-0.19178509975166785,,LearningParams_Fit_alpha_neg-exp_neg_Fix_alpha_pos-beta-exp_pos_
12,14,118.74402913633449,200164.0,0.0016012334335928635,0.05,1.0,0.7730000725758565,0.5,0.5258425859346259,,,-0.1917847240241952,,LearningParams_Fit_alpha_neg-exp_neg_Fix_alpha_pos-beta-exp_pos_
13,26,118.74402913633476,200164.0,0.6590477937290254,0.05,1.0,0.1338607938209151,0.5,0.5258431912202538,,,-0.1917851749419412,,LearningParams_Fit_alpha_neg-exp_neg_Fix_alpha_pos-beta-exp_pos_
14,30,118.74402913633499,200164.0,0.07928954003570754,0.05,1.0,0.7779330262010969,0.5,0.5258425411308159,,,-0.1917848049966077,,LearningParams_Fit_alpha_neg-exp_neg_Fix_alpha_pos-beta-exp_pos_
15,38,118.74402913633548,200164.0,0.1414653472010986,0.05,1.0,0.5603927905624004,0.5,0.5258426054761174,,,-0.19178471157854607,,LearningParams_Fit_alpha_neg-exp_neg_Fix_alpha_pos-beta-exp_pos_
16,3,118.74402913633641,200164.0,0.4881139459452976,0.05,1.0,0.08179495004365123,0.5,0.5258430717990535,,,-0.19178495254281688,,LearningParams_Fit_alpha_neg-exp_neg_Fix_alpha_pos-beta-exp_pos_
17,12,118.74402913633708,200164.0,0.09157313851637884,0.05,1.0,0.02003785033049721,0.5,0.5258432483343267,,,-0.1917852208482068,,LearningParams_Fit_alpha_neg-exp_neg_Fix_alpha_pos-beta-exp_pos_
18,34,118.74402913633743,200164.0,0.35358167311390765,0.05,1.0,0.8517498992991711,0.5,0.5258427954018681,,,-0.19178476925310647,,LearningParams_Fit_alpha_neg-exp_neg_Fix_alpha_pos-beta-exp_pos_
19,45,118.74402913633793,200164.0,0.04779049792649148,0.05,1.0,0.8353104844889825,0.5,0.5258427658788722,,,-0.1917847513346956,,LearningParams_Fit_alpha_neg-exp_neg_Fix_alpha_pos-beta-exp_pos_
20,36,118.74402913633809,200164.0,0.3558017254033191,0.05,1.0,0.568028410766759,0.5,0.5258425858306153,,,-0.19178489581505315,,LearningParams_Fit_alpha_neg-exp_neg_Fix_alpha_pos-beta-exp_pos_
21,9,118.74402913633827,200164.0,0.6159024056668966,0.05,1.0,0.4262646940785224,0.5,0.525843013192289,,,-0.19178489326667866,,LearningParams_Fit_alpha_neg-exp_neg_Fix_alpha_pos-beta-exp_pos_
22,19,118.74402913633992,200164.0,0.07084985046589287,0.05,1.0,0.2273420920020061,0.5,0.525842394354063,,,-0.19178470408907053,,LearningParams_Fit_alpha_neg-exp_neg_Fix_alpha_pos-beta-exp_pos_
23,15,118.74402913633995,200164.0,0.6870929740232302,0.05,1.0,0.878647490151266,0.5,0.5258424813585791,,,-0.1917848210903064,,LearningParams_Fit_alpha_neg-exp_neg_Fix_alpha_pos-beta-exp_pos_
24,44,118.74402913634157,200164.0,0.11230145591422358,0.05,1.0,0.18020124660363124,0.5,0.5258424319970996,,,-0.19178478797927373,,LearningParams_Fit_alpha_neg-exp_neg_Fix_alpha_pos-beta-exp_pos_
25,23,118.74402913634262,200164.0,0.008015935885165137,0.05,1.0,0.4014758600975333,0.5,0.5258428925512207,,,-0.1917847860578546,,LearningParams_Fit_alpha_neg-exp_neg_Fix_alpha_pos-beta-exp_pos_
26,10,118.74402913634412,200164.0,0.305104301340839,0.05,1.0,0.7123806464556244,0.5,0.5258431129554553,,,-0.19178525578885053,,LearningParams_Fit_alpha_neg-exp_neg_Fix_alpha_pos-beta-exp_pos_
27,5,118.74402913634415,200164.0,0.5039425007988904,0.05,1.0,0.6049745993039489,0.5,0.5258430843165425,,,-0.1917852429867808,,LearningParams_Fit_alpha_neg-exp_neg_Fix_alpha_pos-beta-exp_pos_
28,40,118.74402913634563,200164.0,0.3837500447100213,0.05,1.0,0.9339669692101636,0.5,0.5258426363571113,,,-0.19178463594012907,,LearningParams_Fit_alpha_neg-exp_neg_Fix_alpha_pos-beta-exp_pos_
29,11,118.74402913634606,200164.0,0.11472217102547745,0.05,1.0,0.5533340224563973,0.5,0.5258430912275258,,,-0.19178489265724746,,LearningParams_Fit_alpha_neg-exp_neg_Fix_alpha_pos-beta-exp_pos_
30,43,118.74402913634621,200164.0,0.9990562675359934,0.05,1.0,0.07443387727994477,0.5,0.5258429674818164,,,-0.191784808328636,,LearningParams_Fit_alpha_neg-exp_neg_Fix_alpha_pos-beta-exp_pos_
31,7,118.74402913634646,200164.0,0.4806833271683467,0.05,1.0,0.1720925746204549,0.5,0.5258423768504402,,,-0.19178478411943495,,LearningParams_Fit_alpha_neg-exp_neg_Fix_alpha_pos-beta-exp_pos_
32,31,118.74402913634717,200164.0,0.16875654797186554,0.05,1.0,0.5822922283787428,0.5,0.5258424581920372,,,-0.19178455996737065,,LearningParams_Fit_alpha_neg-exp_neg_Fix_alpha_pos-beta-exp_pos_
33,27,118.74402913635004,200164.0,0.11777263204632715,0.05,1.0,0.2347124024058085,0.5,0.5258429884054543,,,-0.1917852318860956,,LearningParams_Fit_alpha_neg-exp_neg_Fix_alpha_pos-beta-exp_pos_
34,16,118.74402913635046,200164.0,0.5783701230840418,0.05,1.0,0.5018154514556311,0.5,0.5258435307684252,,,-0.1917853687696612,,LearningParams_Fit_alpha_neg-exp_neg_Fix_alpha_pos-beta-exp_pos_
35,2,118.7440291363512,200164.0,0.9684889610994398,0.05,1.0,0.07958406954145758,0.5,0.5258427608384022,,,-0.1917851086131048,,LearningParams_Fit_alpha_neg-exp_neg_Fix_alpha_pos-beta-exp_pos_
36,13,118.74402913637049,200164.0,0.3684167754298603,0.05,1.0,0.25893224886354993,0.5,0.5258436672542786,,,-0.19178524285299775,,LearningParams_Fit_alpha_neg-exp_neg_Fix_alpha_pos-beta-exp_pos_
37,21,118.74402913637485,200164.0,0.1067879286417347,0.05,1.0,0.6806281544044496,0.5,0.5258422735183574,,,-0.19178486553999247,,LearningParams_Fit_alpha_neg-exp_neg_Fix_alpha_pos-beta-exp_pos_
38,46,122.13736421568777,200164.0,0.7595132064823377,0.05,1.0,0.63319970108334,0.5,0.8470307881563193,,,-0.32211563269111,,LearningParams_Fit_alpha_neg-exp_neg_Fix_alpha_pos-beta-exp_pos_
39,32,122.13736421596724,200164.0,0.8072319244799309,0.05,1.0,0.7742083618615051,0.5,0.8470318730244785,,,-0.3221168178314708,,LearningParams_Fit_alpha_neg-exp_neg_Fix_alpha_pos-beta-exp_pos_
40,41,123.83726049886393,200164.0,0.8825638048936713,0.05,1.0,0.6596792359649316,0.5,0.9947184343584444,,,-0.3721193868036451,,LearningParams_Fit_alpha_neg-exp_neg_Fix_alpha_pos-beta-exp_pos_
41,18,123.83726049886455,200164.0,0.7930100361602923,0.05,1.0,0.6425030821099718,0.5,0.9947184889558804,,,-0.3721194353974471,,LearningParams_Fit_alpha_neg-exp_neg_Fix_alpha_pos-beta-exp_pos_
42,33,123.8372604988725,200164.0,0.8562025142543302,0.05,1.0,0.7484185838135823,0.5,0.9947178545626144,,,-0.3721188610635257,,LearningParams_Fit_alpha_neg-exp_neg_Fix_alpha_pos-beta-exp_pos_
43,17,123.83726049887596,200164.0,0.9185413126110884,0.05,1.0,0.7927886628565675,0.5,0.9947182522571127,,,-0.3721192231194152,,LearningParams_Fit_alpha_neg-exp_neg_Fix_alpha_pos-beta-exp_pos_
44,48,123.83726049889736,200164.0,0.9516724514763112,0.05,1.0,0.7450450360403091,0.5,0.994717855819557,,,-0.3721188634228706,,LearningParams_Fit_alpha_neg-exp_neg_Fix_alpha_pos-beta-exp_pos_
45,35,123.83726049892653,200164.0,0.8554630580766255,0.05,1.0,0.2825930108409919,0.5,0.9947185603760946,,,-0.3721194957621433,,LearningParams_Fit_alpha_neg-exp_neg_Fix_alpha_pos-beta-exp_pos_
46,20,125.88530449122544,200164.0,0.9304726059118864,0.05,1.0,0.3624577027330097,0.5,1.2007627351363723,,,-0.4353293458797064,,LearningParams_Fit_alpha_neg-exp_neg_Fix_alpha_pos-beta-exp_pos_
47,29,125.8853044912306,200164.0,0.9432934073468756,0.05,1.0,0.355122682018405,0.5,1.2007622467056682,,,-0.4353289847241838,,LearningParams_Fit_alpha_neg-exp_neg_Fix_alpha_pos-beta-exp_pos_
48,1,125.8853044912374,200164.0,0.922201196230682,0.05,1.0,0.6710412104595659,0.5,1.200762797494242,,,-0.4353293916722678,,LearningParams_Fit_alpha_neg-exp_neg_Fix_alpha_pos-beta-exp_pos_
49,37,125.88530449124123,200164.0,0.8905251350971921,0.05,1.0,0.3024515835380931,0.5,1.2007623312018036,,,-0.4353290497449625,,LearningParams_Fit_alpha_neg-exp_neg_Fix_alpha_pos-beta-exp_pos_
0,49,112.1217909542013,200133.0,0.4871813673131337,0.05,1.0,0.14966666280141616,0.5,0.02021244910033265,,,0.6105633127018436,,LearningParams_Fit_alpha_neg-exp_neg_Fix_alpha_pos-beta-exp_pos_
1,48,112.12179095420169,200133.0,0.3071340221451394,0.05,1.0,0.2362575420634335,0.5,0.020212443173928472,,,0.6105633594497628,,LearningParams_Fit_alpha_neg-exp_neg_Fix_alpha_pos-beta-exp_pos_
2,14,112.1217909542018,200133.0,0.5012338278861345,0.05,1.0,0.8864271850423753,0.5,0.020212485667346108,,,0.6105629126741459,,LearningParams_Fit_alpha_neg-exp_neg_Fix_alpha_pos-beta-exp_pos_
3,41,112.12179095420204,200133.0,0.31601652948241377,0.05,1.0,0.9454693087723998,0.5,0.02021244183801576,,,0.6105633329936884,,LearningParams_Fit_alpha_neg-exp_neg_Fix_alpha_pos-beta-exp_pos_
4,29,112.12179095420204,200133.0,0.6068629426656601,0.05,1.0,0.8186941181021595,0.5,0.02021247123340073,,,0.6105631272470501,,LearningParams_Fit_alpha_neg-exp_neg_Fix_alpha_pos-beta-exp_pos_
5,11,112.12179095420208,200133.0,0.15289268541201986,0.05,1.0,0.307928376683811,0.5,0.020212474603206864,,,0.6105630903047119,,LearningParams_Fit_alpha_neg-exp_neg_Fix_alpha_pos-beta-exp_pos_
6,16,112.1217909542025,200133.0,0.6911856910069667,0.05,1.0,0.5074975393318727,0.5,0.02021248848537475,,,0.6105628761088827,,LearningParams_Fit_alpha_neg-exp_neg_Fix_alpha_pos-beta-exp_pos_
7,31,112.12179095420258,200133.0,0.7456109058252866,0.05,1.0,0.8372216851639849,0.5,0.02021248013627725,,,0.6105630358327879,,LearningParams_Fit_alpha_neg-exp_neg_Fix_alpha_pos-beta-exp_pos_
8,26,112.12179095420277,200133.0,0.4504557175052703,0.05,1.0,0.6915486444976034,0.5,0.0202124897946148,,,0.6105628564734968,,LearningParams_Fit_alpha_neg-exp_neg_Fix_alpha_pos-beta-exp_pos_
9,42,112.12179095420326,200133.0,0.3837490741946322,0.05,1.0,0.8923522511437434,0.5,0.02021244939436,,,0.6105632083394571,,LearningParams_Fit_alpha_neg-exp_neg_Fix_alpha_pos-beta-exp_pos_
10,47,112.1217909542033,200133.0,0.3492630847097046,0.05,1.0,0.6953973150207621,0.5,0.02021248626157655,,,0.6105628656391091,,LearningParams_Fit_alpha_neg-exp_neg_Fix_alpha_pos-beta-exp_pos_
11,37,112.12179095420404,200133.0,0.6999820785459164,0.05,1.0,0.4614370402803428,0.5,0.020212431850597262,,,0.610563430140199,,LearningParams_Fit_alpha_neg-exp_neg_Fix_alpha_pos-beta-exp_pos_
12,18,112.1217909542044,200133.0,0.3923734435071185,0.05,1.0,0.255198647258966,0.5,0.020212438697441104,,,0.6105633206080622,,LearningParams_Fit_alpha_neg-exp_neg_Fix_alpha_pos-beta-exp_pos_
13,46,112.12179095420454,200133.0,0.5515179305457574,0.05,1.0,0.5005643240207198,0.5,0.02021249554169185,,,0.6105627872535004,,LearningParams_Fit_alpha_neg-exp_neg_Fix_alpha_pos-beta-exp_pos_
14,8,112.12179095420477,200133.0,0.4239296452204544,0.05,1.0,0.21397517957681056,0.5,0.02021244083762827,,,0.6105632878963123,,LearningParams_Fit_alpha_neg-exp_neg_Fix_alpha_pos-beta-exp_pos_
15,12,112.12179095420478,200133.0,0.9471468778805344,0.05,1.0,0.4839423063646562,0.5,0.0202124385479776,,,0.6105634553870762,,LearningParams_Fit_alpha_neg-exp_neg_Fix_alpha_pos-beta-exp_pos_
16,19,112.12179095420488,200133.0,0.7462848227601759,0.05,1.0,0.2259882798821313,0.5,0.020212500802474567,,,0.6105627691797955,,LearningParams_Fit_alpha_neg-exp_neg_Fix_alpha_pos-beta-exp_pos_
17,15,112.12179095420512,200133.0,0.25992731752812104,0.05,1.0,0.05317324372063892,0.5,0.0202124273770576,,,0.6105635189860541,,LearningParams_Fit_alpha_neg-exp_neg_Fix_alpha_pos-beta-exp_pos_
18,35,112.12179095420538,200133.0,0.6869530386666949,0.05,1.0,0.2767004733738283,0.5,0.0202124272574048,,,0.6105635278495041,,LearningParams_Fit_alpha_neg-exp_neg_Fix_alpha_pos-beta-exp_pos_
19,25,112.12179095420557,200133.0,0.9563732556484624,0.05,1.0,0.8876434249125611,0.5,0.02021242563917928,,,0.610563529111634,,LearningParams_Fit_alpha_neg-exp_neg_Fix_alpha_pos-beta-exp_pos_
20,39,112.1217909542062,200133.0,0.13855185273009785,0.05,1.0,0.9646989722979684,0.5,0.020212497818924702,,,0.6105627437173697,,LearningParams_Fit_alpha_neg-exp_neg_Fix_alpha_pos-beta-exp_pos_
21,13,112.12179095420632,200133.0,0.18288062980089048,0.05,1.0,0.8839274847845245,0.5,0.020212454055182884,,,0.6105633440459678,,LearningParams_Fit_alpha_neg-exp_neg_Fix_alpha_pos-beta-exp_pos_
22,38,112.12179095420643,200133.0,0.0039179751778375405,0.05,1.0,0.7945010702670612,0.5,0.02021243761702218,,,0.6105634837001108,,LearningParams_Fit_alpha_neg-exp_neg_Fix_alpha_pos-beta-exp_pos_
23,21,112.12179095420643,200133.0,0.5617589168920978,0.05,1.0,0.9445804871948968,0.5,0.02021242408494173,,,0.61056349147605,,LearningParams_Fit_alpha_neg-exp_neg_Fix_alpha_pos-beta-exp_pos_
24,10,112.1217909542065,200133.0,0.06508670639924075,0.05,1.0,0.9548779172363184,0.5,0.02021246377647572,,,0.6105630242426454,,LearningParams_Fit_alpha_neg-exp_neg_Fix_alpha_pos-beta-exp_pos_
25,2,112.12179095420682,200133.0,0.7618912194159304,0.05,1.0,0.6080406879676679,0.5,0.02021242715560556,,,0.6105635562776417,,LearningParams_Fit_alpha_neg-exp_neg_Fix_alpha_pos-beta-exp_pos_
26,20,112.121790954207,200133.0,0.6216694969600378,0.05,1.0,0.9740106150987206,0.5,0.020212476242784414,,,0.6105631312388036,,LearningParams_Fit_alpha_neg-exp_neg_Fix_alpha_pos-beta-exp_pos_
27,23,112.12179095420721,200133.0,0.9360100408627156,0.05,1.0,0.690566838298488,0.5,0.020212476578503585,,,0.610563130027995,,LearningParams_Fit_alpha_neg-exp_neg_Fix_alpha_pos-beta-exp_pos_
28,32,112.12179095420723,200133.0,0.703133086874207,0.05,1.0,0.32952423645856943,0.5,0.020212489901424824,,,0.6105629808031505,,LearningParams_Fit_alpha_neg-exp_neg_Fix_alpha_pos-beta-exp_pos_
29,27,112.12179095420757,200133.0,0.25971824204914096,0.05,1.0,0.5580565683286441,0.5,0.020212484038315992,,,0.6105630526900238,,LearningParams_Fit_alpha_neg-exp_neg_Fix_alpha_pos-beta-exp_pos_
30,6,112.1217909542076,200133.0,0.1098801343432203,0.05,1.0,0.9971327506314852,0.5,0.020212442318511402,,,0.6105632400058998,,LearningParams_Fit_alpha_neg-exp_neg_Fix_alpha_pos-beta-exp_pos_
31,17,112.12179095420765,200133.0,0.9336949297203544,0.05,1.0,0.6000817354192804,0.5,0.02021248776748796,,,0.6105627998240389,,LearningParams_Fit_alpha_neg-exp_neg_Fix_alpha_pos-beta-exp_pos_
32,33,112.12179095420795,200133.0,0.6386841915749385,0.05,1.0,0.09576256041480168,0.5,0.020212490691064185,,,0.6105629806542385,,LearningParams_Fit_alpha_neg-exp_neg_Fix_alpha_pos-beta-exp_pos_
33,40,112.12179095420841,200133.0,0.2891537420225553,0.05,1.0,0.9633420745710396,0.5,0.020212428930705517,,,0.6105633897103853,,LearningParams_Fit_alpha_neg-exp_neg_Fix_alpha_pos-beta-exp_pos_
34,30,112.12179095420872,200133.0,0.8848042620108872,0.05,1.0,0.950405466017028,0.5,0.02021241694706484,,,0.6105635632454895,,LearningParams_Fit_alpha_neg-exp_neg_Fix_alpha_pos-beta-exp_pos_
35,9,112.12179095420879,200133.0,0.05450002786628228,0.05,1.0,0.6237929571309194,0.5,0.020212453963781025,,,0.6105631046113587,,LearningParams_Fit_alpha_neg-exp_neg_Fix_alpha_pos-beta-exp_pos_
36,43,112.12179095420996,200133.0,0.783091687326853,0.05,1.0,0.13579174969797658,0.5,0.02021246508731148,,,0.6105632678772572,,LearningParams_Fit_alpha_neg-exp_neg_Fix_alpha_pos-beta-exp_pos_
37,28,112.12179095421024,200133.0,0.7133708133548088,0.05,1.0,0.983473668726825,0.5,0.0202124542340258,,,0.6105630911149333,,LearningParams_Fit_alpha_neg-exp_neg_Fix_alpha_pos-beta-exp_pos_
38,7,112.1217909542113,200133.0,0.6818497623791671,0.05,1.0,0.8712572355537824,0.5,0.020212507488544668,,,0.6105626194787058,,LearningParams_Fit_alpha_neg-exp_neg_Fix_alpha_pos-beta-exp_pos_
39,22,112.12179095421163,200133.0,0.3274636858922938,0.05,1.0,0.5702692808081549,0.5,0.020212517681987,,,0.6105626566291018,,LearningParams_Fit_alpha_neg-exp_neg_Fix_alpha_pos-beta-exp_pos_
40,0,112.12179095421396,200133.0,0.8380144799871166,0.05,1.0,0.9160902215627424,0.5,0.02021244314733437,,,0.6105634980296863,,LearningParams_Fit_alpha_neg-exp_neg_Fix_alpha_pos-beta-exp_pos_
41,36,112.1217909542177,200133.0,0.8285785290805575,0.05,1.0,0.9949804334489452,0.5,0.02021245766976554,,,0.6105630105814837,,LearningParams_Fit_alpha_neg-exp_neg_Fix_alpha_pos-beta-exp_pos_
42,24,112.12179095421804,200133.0,0.023945115079887613,0.05,1.0,0.7538900738162974,0.5,0.02021253403704994,,,0.6105624492767083,,LearningParams_Fit_alpha_neg-exp_neg_Fix_alpha_pos-beta-exp_pos_
43,44,112.12179095421894,200133.0,0.7527714079622763,0.05,1.0,0.04640041805796802,0.5,0.02021249743283513,,,0.610562637797916,,LearningParams_Fit_alpha_neg-exp_neg_Fix_alpha_pos-beta-exp_pos_
44,34,112.12179095421976,200133.0,0.7060743945666494,0.05,1.0,0.3912546860950087,0.5,0.020212397173846892,,,0.6105638701118921,,LearningParams_Fit_alpha_neg-exp_neg_Fix_alpha_pos-beta-exp_pos_
45,5,112.12179095423404,200133.0,0.3521162481086396,0.05,1.0,0.06120129844159961,0.5,0.020212435370613683,,,0.6105631660741364,,LearningParams_Fit_alpha_neg-exp_neg_Fix_alpha_pos-beta-exp_pos_
46,1,229.2179002611864,200133.0,0.9271173647948926,0.05,1.0,0.4994267794564937,0.5,1.2071649887628606,,,-0.5371934367141121,,LearningParams_Fit_alpha_neg-exp_neg_Fix_alpha_pos-beta-exp_pos_
47,45,229.21790343824924,200133.0,0.9615761233240466,0.05,1.0,0.4492596229216247,0.5,1.207165700077286,,,-0.5371939862022899,,LearningParams_Fit_alpha_neg-exp_neg_Fix_alpha_pos-beta-exp_pos_
48,3,230.26267074049485,200133.0,0.9293086258192348,0.05,1.0,0.31612186328571223,0.5,1.2859889849566315,,,-0.6843104188571879,,LearningParams_Fit_alpha_neg-exp_neg_Fix_alpha_pos-beta-exp_pos_
49,4,230.26267700430992,200133.0,0.8909341800506724,0.05,1.0,0.33899939834975346,0.5,1.28598698070509,,,-0.6843091258278926,,LearningParams_Fit_alpha_neg-exp_neg_Fix_alpha_pos-beta-exp_pos_
0,18,71.11338406632984,311760.0,0.2729009082860329,0.05,1.0,0.8844798377955467,0.5,0.11544357808124148,,,0.4272106381079748,,LearningParams_Fit_alpha_neg-exp_neg_Fix_alpha_pos-beta-exp_pos_
1,47,71.11338406633638,311760.0,0.18874186172380514,0.05,1.0,0.3349633074538696,0.5,0.11544341680425807,,,0.427210935948933,,LearningParams_Fit_alpha_neg-exp_neg_Fix_alpha_pos-beta-exp_pos_
2,26,71.11338406633662,311760.0,0.08903645039585573,0.05,1.0,0.37738402581469055,0.5,0.11544347187627375,,,0.4272108972573924,,LearningParams_Fit_alpha_neg-exp_neg_Fix_alpha_pos-beta-exp_pos_
3,14,71.11338406633713,311760.0,0.6038461620420553,0.05,1.0,0.2566586948436248,0.5,0.11544341426052,,,0.42721089883046975,,LearningParams_Fit_alpha_neg-exp_neg_Fix_alpha_pos-beta-exp_pos_
4,44,71.11338406633803,311760.0,0.7292800299126827,0.05,1.0,0.21420397890880216,0.5,0.1154434437529467,,,0.42721094244269103,,LearningParams_Fit_alpha_neg-exp_neg_Fix_alpha_pos-beta-exp_pos_
5,17,71.11338406633992,311760.0,0.4432552437418805,0.05,1.0,0.2556332049355431,0.5,0.11544365345876445,,,0.42721045401163904,,LearningParams_Fit_alpha_neg-exp_neg_Fix_alpha_pos-beta-exp_pos_
6,28,71.11338406634113,311760.0,0.19996947189602127,0.05,1.0,0.4913066367726339,0.5,0.11544356124583055,,,0.4272105555792315,,LearningParams_Fit_alpha_neg-exp_neg_Fix_alpha_pos-beta-exp_pos_
7,9,71.11338406634194,311760.0,0.2547290922516469,0.05,1.0,0.5227392500280217,0.5,0.11544358915932396,,,0.42721071396163657,,LearningParams_Fit_alpha_neg-exp_neg_Fix_alpha_pos-beta-exp_pos_
8,24,71.11338406634259,311760.0,0.9477203819034656,0.05,1.0,0.4567092071012878,0.5,0.11544366679449905,,,0.42721042572792267,,LearningParams_Fit_alpha_neg-exp_neg_Fix_alpha_pos-beta-exp_pos_
9,19,71.11338406634391,311760.0,0.5596857035058788,0.05,1.0,0.6856901375012935,0.5,0.11544367007659136,,,0.4272104118082567,,LearningParams_Fit_alpha_neg-exp_neg_Fix_alpha_pos-beta-exp_pos_
10,35,71.11338406634536,311760.0,0.3338671061876081,0.05,1.0,0.7345171303195206,0.5,0.11544364477682148,,,0.4272104224221955,,LearningParams_Fit_alpha_neg-exp_neg_Fix_alpha_pos-beta-exp_pos_
11,33,71.11338406634573,311760.0,0.3073197050853641,0.05,1.0,0.44924389084102007,0.5,0.11544346090184494,,,0.4272109574717455,,LearningParams_Fit_alpha_neg-exp_neg_Fix_alpha_pos-beta-exp_pos_
12,23,71.11338406634614,311760.0,0.8493278669118197,0.05,1.0,0.7278609880880347,0.5,0.11544336115095274,,,0.427211045956092,,LearningParams_Fit_alpha_neg-exp_neg_Fix_alpha_pos-beta-exp_pos_
13,39,71.1133840663462,311760.0,0.5707099517786206,0.05,1.0,0.4681026479780565,0.5,0.11544360629707474,,,0.4272104660374274,,LearningParams_Fit_alpha_neg-exp_neg_Fix_alpha_pos-beta-exp_pos_
14,15,71.1133840663462,311760.0,0.12208044663786445,0.05,1.0,0.1648133165311727,0.5,0.11544365083624485,,,0.4272105892567997,,LearningParams_Fit_alpha_neg-exp_neg_Fix_alpha_pos-beta-exp_pos_
15,25,71.11338406634741,311760.0,0.6591413116544486,0.05,1.0,0.8726768346952921,0.5,0.11544369816581332,,,0.42721038282672585,,LearningParams_Fit_alpha_neg-exp_neg_Fix_alpha_pos-beta-exp_pos_
16,40,71.11338406634825,311760.0,0.7540625663706053,0.05,1.0,0.8286739150859495,0.5,0.1154435534845024,,,0.42721080925127225,,LearningParams_Fit_alpha_neg-exp_neg_Fix_alpha_pos-beta-exp_pos_
17,5,71.11338406634906,311760.0,0.0975535841436278,0.05,1.0,0.4770638238297181,0.5,0.11544334643426507,,,0.4272110300589637,,LearningParams_Fit_alpha_neg-exp_neg_Fix_alpha_pos-beta-exp_pos_
18,30,71.11338406634916,311760.0,0.38434494951569803,0.05,1.0,0.038085772038636716,0.5,0.11544337023507258,,,0.4272110743664651,,LearningParams_Fit_alpha_neg-exp_neg_Fix_alpha_pos-beta-exp_pos_
19,41,71.1133840663492,311760.0,0.6162931072694404,0.05,1.0,0.6874952805566876,0.5,0.1154434470615196,,,0.4272109904341974,,LearningParams_Fit_alpha_neg-exp_neg_Fix_alpha_pos-beta-exp_pos_
20,48,71.11338406635096,311760.0,0.05527324172280168,0.05,1.0,0.6416026871257146,0.5,0.11544370996950472,,,0.4272104405783906,,LearningParams_Fit_alpha_neg-exp_neg_Fix_alpha_pos-beta-exp_pos_
21,4,71.11338406635106,311760.0,0.7874825303362114,0.05,1.0,0.7004043511084946,0.5,0.11544341047700883,,,0.4272110458731449,,LearningParams_Fit_alpha_neg-exp_neg_Fix_alpha_pos-beta-exp_pos_
22,38,71.1133840663518,311760.0,0.989234260064638,0.05,1.0,0.8378760990172691,0.5,0.1154437212994838,,,0.4272103545148218,,LearningParams_Fit_alpha_neg-exp_neg_Fix_alpha_pos-beta-exp_pos_
23,43,71.11338406635261,311760.0,0.4189298922061223,0.05,1.0,0.11435653000858036,0.5,0.11544345275330688,,,0.427210994384676,,LearningParams_Fit_alpha_neg-exp_neg_Fix_alpha_pos-beta-exp_pos_
24,45,71.11338406635358,311760.0,0.18310452516915146,0.05,1.0,0.015215376690185134,0.5,0.11544343565579432,,,0.427211022444854,,LearningParams_Fit_alpha_neg-exp_neg_Fix_alpha_pos-beta-exp_pos_
25,36,71.11338406635528,311760.0,0.0141013865177807,0.05,1.0,0.6265109668794641,0.5,0.11544350487612605,,,0.4272109195817784,,LearningParams_Fit_alpha_neg-exp_neg_Fix_alpha_pos-beta-exp_pos_
26,29,71.11338406635716,311760.0,0.2044353888125906,0.05,1.0,0.4773653820298552,0.5,0.11544372905526998,,,0.4272103002648603,,LearningParams_Fit_alpha_neg-exp_neg_Fix_alpha_pos-beta-exp_pos_
27,1,71.11338406635973,311760.0,0.3599707673523427,0.05,1.0,0.7000948303390138,0.5,0.1154433040847877,,,0.4272111021965752,,LearningParams_Fit_alpha_neg-exp_neg_Fix_alpha_pos-beta-exp_pos_
28,3,71.11338406636251,311760.0,0.0439280362647998,0.05,1.0,0.6552437743871283,0.5,0.11544376358501048,,,0.4272102998596209,,LearningParams_Fit_alpha_neg-exp_neg_Fix_alpha_pos-beta-exp_pos_
29,13,71.11338406636253,311760.0,0.2874671459229309,0.05,1.0,0.4793282959816594,0.5,0.11544334841798462,,,0.4272111577162208,,LearningParams_Fit_alpha_neg-exp_neg_Fix_alpha_pos-beta-exp_pos_
30,27,71.11338406636492,311760.0,0.20933959807535207,0.05,1.0,0.017787661228542473,0.5,0.11544358301261715,,,0.4272104429912957,,LearningParams_Fit_alpha_neg-exp_neg_Fix_alpha_pos-beta-exp_pos_
31,16,71.11338406636591,311760.0,0.562455576898806,0.05,1.0,0.2949822162871017,0.5,0.11544348359869006,,,0.4272109840677383,,LearningParams_Fit_alpha_neg-exp_neg_Fix_alpha_pos-beta-exp_pos_
32,2,71.11338406636607,311760.0,0.6837567931902931,0.05,1.0,0.5181972515242762,0.5,0.11544347705033077,,,0.42721099543538615,,LearningParams_Fit_alpha_neg-exp_neg_Fix_alpha_pos-beta-exp_pos_
33,7,71.11338406636716,311760.0,0.5911827674339889,0.05,1.0,0.7139349341033556,0.5,0.11544375508320695,,,0.4272102331610228,,LearningParams_Fit_alpha_neg-exp_neg_Fix_alpha_pos-beta-exp_pos_
34,31,71.1133840663679,311760.0,0.4872697641651842,0.05,1.0,0.7724284345776534,0.5,0.11544372278001035,,,0.4272104952100131,,LearningParams_Fit_alpha_neg-exp_neg_Fix_alpha_pos-beta-exp_pos_
35,10,71.11338406637023,311760.0,0.15844877332480456,0.05,1.0,0.06442301914512671,0.5,0.11544363279809708,,,0.4272107138442012,,LearningParams_Fit_alpha_neg-exp_neg_Fix_alpha_pos-beta-exp_pos_
36,6,71.11338406637495,311760.0,0.6709374612972858,0.05,1.0,0.4119429212904483,0.5,0.11544364670547068,,,0.42721069583281024,,LearningParams_Fit_alpha_neg-exp_neg_Fix_alpha_pos-beta-exp_pos_
37,20,71.11338406638036,311760.0,0.0256079579189652,0.05,1.0,0.06055547189539868,0.5,0.11544330148173948,,,0.4272109892252179,,LearningParams_Fit_alpha_neg-exp_neg_Fix_alpha_pos-beta-exp_pos_
38,42,71.11338406638312,311760.0,0.29865279185449056,0.05,1.0,0.04167220564639795,0.5,0.1154432426343581,,,0.427211167202745,,LearningParams_Fit_alpha_neg-exp_neg_Fix_alpha_pos-beta-exp_pos_
39,21,71.11338406638457,311760.0,0.39170911147831855,0.05,1.0,0.07964660371671363,0.5,0.1154432718429155,,,0.42721105854405306,,LearningParams_Fit_alpha_neg-exp_neg_Fix_alpha_pos-beta-exp_pos_
40,0,71.11338406638858,311760.0,0.2316954297182907,0.05,1.0,0.2731865891533918,0.5,0.11544348049284785,,,0.42721057209329016,,LearningParams_Fit_alpha_neg-exp_neg_Fix_alpha_pos-beta-exp_pos_
41,22,71.11338406639594,311760.0,0.043144690445409466,0.05,1.0,0.5202695110636174,0.5,0.11544326661939645,,,0.427211035204214,,LearningParams_Fit_alpha_neg-exp_neg_Fix_alpha_pos-beta-exp_pos_
42,32,71.11338406640284,311760.0,0.13533370871589445,0.05,1.0,0.4480739596236077,0.5,0.11544385779140813,,,0.4272102150306693,,LearningParams_Fit_alpha_neg-exp_neg_Fix_alpha_pos-beta-exp_pos_
43,11,71.11338406640412,311760.0,0.5703427681393214,0.05,1.0,0.4705399285108373,0.5,0.11544332328416533,,,0.4272108723414109,,LearningParams_Fit_alpha_neg-exp_neg_Fix_alpha_pos-beta-exp_pos_
44,8,71.11338406640509,311760.0,0.791915633723125,0.05,1.0,0.9947655608784431,0.5,0.11544333395751248,,,0.4272112916567883,,LearningParams_Fit_alpha_neg-exp_neg_Fix_alpha_pos-beta-exp_pos_
45,37,71.11338406640976,311760.0,0.714778103520049,0.05,1.0,0.8237144716221138,0.5,0.11544348331361212,,,0.4272105280572071,,LearningParams_Fit_alpha_neg-exp_neg_Fix_alpha_pos-beta-exp_pos_
46,34,71.11338406641319,311760.0,0.4179667266974071,0.05,1.0,0.5880218573868587,0.5,0.11544351458847983,,,0.42721046434904797,,LearningParams_Fit_alpha_neg-exp_neg_Fix_alpha_pos-beta-exp_pos_
47,46,71.11338406643523,311760.0,0.9135596506060608,0.05,1.0,0.7302768820390899,0.5,0.11544345095252667,,,0.4272111685482203,,LearningParams_Fit_alpha_neg-exp_neg_Fix_alpha_pos-beta-exp_pos_
48,49,71.113384066455,311760.0,0.06137990466382792,0.05,1.0,0.8344421733195404,0.5,0.11544349626566384,,,0.4272104354959243,,LearningParams_Fit_alpha_neg-exp_neg_Fix_alpha_pos-beta-exp_pos_
49,12,71.11338406646983,311760.0,0.2243761283309602,0.05,1.0,0.8992346983406052,0.5,0.11544311179346375,,,0.4272116465616698,,LearningParams_Fit_alpha_neg-exp_neg_Fix_alpha_pos-beta-exp_pos_
0,30,98.31600158279552,100063.0,0.31897906678817944,0.05,1.0,0.3099563391661464,0.5,0.0608045562723132,,,0.41064787372168976,,LearningParams_Fit_alpha_neg-exp_neg_Fix_alpha_pos-beta-exp_pos_
1,43,98.31600158279578,100063.0,0.731874374374124,0.05,1.0,0.3274474739177167,0.5,0.06080461460205123,,,0.4106476924327389,,LearningParams_Fit_alpha_neg-exp_neg_Fix_alpha_pos-beta-exp_pos_
2,39,98.31600158279579,100063.0,0.3860606241498611,0.05,1.0,0.3257401014455188,0.5,0.06080464017126984,,,0.4106475197088275,,LearningParams_Fit_alpha_neg-exp_neg_Fix_alpha_pos-beta-exp_pos_
3,3,98.31600158279612,100063.0,0.8107261750381605,0.05,1.0,0.11878691802687735,0.5,0.060804631535794476,,,0.4106475313558992,,LearningParams_Fit_alpha_neg-exp_neg_Fix_alpha_pos-beta-exp_pos_
4,6,98.3160015827962,100063.0,0.6281310394368573,0.05,1.0,0.8236639102905792,0.5,0.0608046296701337,,,0.4106476470125657,,LearningParams_Fit_alpha_neg-exp_neg_Fix_alpha_pos-beta-exp_pos_
5,35,98.31600158279623,100063.0,0.02347622839020036,0.05,1.0,0.3823327444669309,0.5,0.0608045488569241,,,0.4106478637059869,,LearningParams_Fit_alpha_neg-exp_neg_Fix_alpha_pos-beta-exp_pos_
6,15,98.31600158279629,100063.0,0.6356973265816229,0.05,1.0,0.3759171142341196,0.5,0.0608045718453478,,,0.4106477602054888,,LearningParams_Fit_alpha_neg-exp_neg_Fix_alpha_pos-beta-exp_pos_
7,8,98.31600158279636,100063.0,0.8559246990004965,0.05,1.0,0.6740683698861265,0.5,0.06080452970802106,,,0.4106480123046649,,LearningParams_Fit_alpha_neg-exp_neg_Fix_alpha_pos-beta-exp_pos_
8,44,98.31600158279642,100063.0,0.9344068826323246,0.05,1.0,0.20894711644419608,0.5,0.06080465734273,,,0.4106474404082193,,LearningParams_Fit_alpha_neg-exp_neg_Fix_alpha_pos-beta-exp_pos_
9,18,98.31600158279682,100063.0,0.879932853757967,0.05,1.0,0.7657075250147763,0.5,0.060804663430895585,,,0.4106474049749809,,LearningParams_Fit_alpha_neg-exp_neg_Fix_alpha_pos-beta-exp_pos_
10,49,98.31600158279684,100063.0,0.8069177259215349,0.05,1.0,0.2114743652487636,0.5,0.060804505988976125,,,0.4106480670319324,,LearningParams_Fit_alpha_neg-exp_neg_Fix_alpha_pos-beta-exp_pos_
11,33,98.31600158279691,100063.0,0.7503445310296128,0.05,1.0,0.7159112809366879,0.5,0.06080466627724813,,,0.4106474946511133,,LearningParams_Fit_alpha_neg-exp_neg_Fix_alpha_pos-beta-exp_pos_
12,31,98.31600158279691,100063.0,0.7794512846460832,0.05,1.0,0.15799022724043987,0.5,0.06080463777491708,,,0.4106476273522545,,LearningParams_Fit_alpha_neg-exp_neg_Fix_alpha_pos-beta-exp_pos_
13,46,98.31600158279718,100063.0,0.4032341545304365,0.05,1.0,0.7305584633334281,0.5,0.060804680288501875,,,0.4106473471607008,,LearningParams_Fit_alpha_neg-exp_neg_Fix_alpha_pos-beta-exp_pos_
14,23,98.31600158279726,100063.0,0.17621484891243988,0.05,1.0,0.6647462361771721,0.5,0.06080450708166945,,,0.4106480320451271,,LearningParams_Fit_alpha_neg-exp_neg_Fix_alpha_pos-beta-exp_pos_
15,45,98.31600158279731,100063.0,0.8577126290925473,0.05,1.0,0.40611757599326026,0.5,0.060804517321051736,,,0.4106479807681104,,LearningParams_Fit_alpha_neg-exp_neg_Fix_alpha_pos-beta-exp_pos_
16,16,98.31600158279736,100063.0,0.7057495668322664,0.05,1.0,0.6004307418612504,0.5,0.060804694992770185,,,0.4106473556328378,,LearningParams_Fit_alpha_neg-exp_neg_Fix_alpha_pos-beta-exp_pos_
17,41,98.31600158279743,100063.0,0.9905911070544468,0.05,1.0,0.6174192670482371,0.5,0.06080462120870923,,,0.4106475357474964,,LearningParams_Fit_alpha_neg-exp_neg_Fix_alpha_pos-beta-exp_pos_
18,47,98.31600158279743,100063.0,0.5555762392554298,0.05,1.0,0.9655012023762298,0.5,0.060804496788180125,,,0.41064808788925744,,LearningParams_Fit_alpha_neg-exp_neg_Fix_alpha_pos-beta-exp_pos_
19,12,98.31600158279748,100063.0,0.2510286566727008,0.05,1.0,0.0541851981827417,0.5,0.06080470171362476,,,0.4106472981036151,,LearningParams_Fit_alpha_neg-exp_neg_Fix_alpha_pos-beta-exp_pos_
20,14,98.31600158279751,100063.0,0.8644760291392077,0.05,1.0,0.2345482944656893,0.5,0.060804701807950064,,,0.4106473135651795,,LearningParams_Fit_alpha_neg-exp_neg_Fix_alpha_pos-beta-exp_pos_
21,17,98.31600158279751,100063.0,0.20785969023282255,0.05,1.0,0.30168065521082205,0.5,0.06080451291048568,,,0.4106479934373392,,LearningParams_Fit_alpha_neg-exp_neg_Fix_alpha_pos-beta-exp_pos_
22,36,98.31600158279751,100063.0,0.2528740118789741,0.05,1.0,0.1800822086704459,0.5,0.06080452386381852,,,0.41064793762180973,,LearningParams_Fit_alpha_neg-exp_neg_Fix_alpha_pos-beta-exp_pos_
23,7,98.31600158279758,100063.0,0.7570442768303552,0.05,1.0,0.7041139313984268,0.5,0.06080456977990574,,,0.4106479150683633,,LearningParams_Fit_alpha_neg-exp_neg_Fix_alpha_pos-beta-exp_pos_
24,10,98.31600158279772,100063.0,0.320944519674485,0.05,1.0,0.3939919064782854,0.5,0.06080454746005305,,,0.41064782704303454,,LearningParams_Fit_alpha_neg-exp_neg_Fix_alpha_pos-beta-exp_pos_
25,0,98.31600158279775,100063.0,0.9733319058261238,0.05,1.0,0.9242993780811314,0.5,0.06080455127283409,,,0.4106478109187672,,LearningParams_Fit_alpha_neg-exp_neg_Fix_alpha_pos-beta-exp_pos_
26,40,98.31600158279781,100063.0,0.6918530308365967,0.05,1.0,0.2505404971175099,0.5,0.060804600207467314,,,0.41064760737461664,,LearningParams_Fit_alpha_neg-exp_neg_Fix_alpha_pos-beta-exp_pos_
27,42,98.31600158279785,100063.0,0.6887594891517507,0.05,1.0,0.4961287979455171,0.5,0.060804533653193875,,,0.41064804706889396,,LearningParams_Fit_alpha_neg-exp_neg_Fix_alpha_pos-beta-exp_pos_
28,22,98.31600158279785,100063.0,0.4594005129556388,0.05,1.0,0.8947620297733714,0.5,0.0608047057187959,,,0.4106472738741834,,LearningParams_Fit_alpha_neg-exp_neg_Fix_alpha_pos-beta-exp_pos_
29,13,98.31600158279787,100063.0,0.0459386936872086,0.05,1.0,0.022496104896635002,0.5,0.0608045361771428,,,0.4106478749604353,,LearningParams_Fit_alpha_neg-exp_neg_Fix_alpha_pos-beta-exp_pos_
30,9,98.3160015827982,100063.0,0.9091144402381588,0.05,1.0,0.0997338149554643,0.5,0.060804567371161834,,,0.4106477369529789,,LearningParams_Fit_alpha_neg-exp_neg_Fix_alpha_pos-beta-exp_pos_
31,1,98.3160015827983,100063.0,0.5874783819000337,0.05,1.0,0.17721523890906601,0.5,0.060804525481496736,,,0.4106479142103988,,LearningParams_Fit_alpha_neg-exp_neg_Fix_alpha_pos-beta-exp_pos_
32,48,98.31600158279836,100063.0,0.8782137334371104,0.05,1.0,0.18018751069251315,0.5,0.06080470875759177,,,0.41064724106929984,,LearningParams_Fit_alpha_neg-exp_neg_Fix_alpha_pos-beta-exp_pos_
33,20,98.3160015827985,100063.0,0.5439774962587625,0.05,1.0,0.5409499532066437,0.5,0.060804568127112664,,,0.4106479366649781,,LearningParams_Fit_alpha_neg-exp_neg_Fix_alpha_pos-beta-exp_pos_
34,32,98.31600158279852,100063.0,0.9786265727598504,0.05,1.0,0.06741334070544748,0.5,0.060804701795379675,,,0.4106473662188765,,LearningParams_Fit_alpha_neg-exp_neg_Fix_alpha_pos-beta-exp_pos_
35,29,98.31600158279859,100063.0,0.3840701137007741,0.05,1.0,0.4623614984673511,0.5,0.060804712141200076,,,0.41064731042672176,,LearningParams_Fit_alpha_neg-exp_neg_Fix_alpha_pos-beta-exp_pos_
36,37,98.31600158279863,100063.0,0.7797352011081566,0.05,1.0,0.7786118927907506,0.5,0.0608045289312297,,,0.4106480807116459,,LearningParams_Fit_alpha_neg-exp_neg_Fix_alpha_pos-beta-exp_pos_
37,19,98.31600158279888,100063.0,0.8528819980248246,0.05,1.0,0.7661986649676379,0.5,0.06080447564362931,,,0.4106481469140465,,LearningParams_Fit_alpha_neg-exp_neg_Fix_alpha_pos-beta-exp_pos_
38,21,98.31600158279896,100063.0,0.12897956839719504,0.05,1.0,0.6694413449071379,0.5,0.06080448536037523,,,0.4106482228358823,,LearningParams_Fit_alpha_neg-exp_neg_Fix_alpha_pos-beta-exp_pos_
39,34,98.31600158279934,100063.0,0.12814299642902638,0.05,1.0,0.4141490467291989,0.5,0.0608046473510027,,,0.4106474049778407,,LearningParams_Fit_alpha_neg-exp_neg_Fix_alpha_pos-beta-exp_pos_
40,25,98.31600158279986,100063.0,0.4698467142517201,0.05,1.0,0.6670248016952006,0.5,0.06080470875464925,,,0.4106471963301983,,LearningParams_Fit_alpha_neg-exp_neg_Fix_alpha_pos-beta-exp_pos_
41,4,98.3160015828003,100063.0,0.9598248124638076,0.05,1.0,0.5495600218574274,0.5,0.060804721651356815,,,0.4106473068945738,,LearningParams_Fit_alpha_neg-exp_neg_Fix_alpha_pos-beta-exp_pos_
42,27,98.31600158280052,100063.0,0.6618029576152139,0.05,1.0,0.8261406138662539,0.5,0.06080451884960743,,,0.4106481444149055,,LearningParams_Fit_alpha_neg-exp_neg_Fix_alpha_pos-beta-exp_pos_
43,24,98.3160015828012,100063.0,0.2403991376797401,0.05,1.0,0.772627127698907,0.5,0.060804584637033775,,,0.4106476206890568,,LearningParams_Fit_alpha_neg-exp_neg_Fix_alpha_pos-beta-exp_pos_
44,28,98.31600158280136,100063.0,0.08254586016136944,0.05,1.0,0.16505171035763022,0.5,0.06080474309341845,,,0.4106470709108221,,LearningParams_Fit_alpha_neg-exp_neg_Fix_alpha_pos-beta-exp_pos_
45,2,98.31600158280143,100063.0,0.3665850348053711,0.05,1.0,0.5852934292904318,0.5,0.06080447734055856,,,0.4106480827655997,,LearningParams_Fit_alpha_neg-exp_neg_Fix_alpha_pos-beta-exp_pos_
46,11,98.3160015828017,100063.0,0.6300096524064229,0.05,1.0,0.8475928401107351,0.5,0.06080469313270433,,,0.4106472154926777,,LearningParams_Fit_alpha_neg-exp_neg_Fix_alpha_pos-beta-exp_pos_
47,26,98.3160015828026,100063.0,0.6845536682561468,0.05,1.0,0.5276595674811262,0.5,0.06080457972893834,,,0.41064794784696507,,LearningParams_Fit_alpha_neg-exp_neg_Fix_alpha_pos-beta-exp_pos_
48,38,98.3160015828027,100063.0,0.12880557039064466,0.05,1.0,0.019427362518429803,0.5,0.0608046205739038,,,0.4106477858722693,,LearningParams_Fit_alpha_neg-exp_neg_Fix_alpha_pos-beta-exp_pos_
49,5,98.31600158280676,100063.0,0.1247404058524032,0.05,1.0,0.5386765797516035,0.5,0.06080451752007645,,,0.4106478413684905,,LearningParams_Fit_alpha_neg-exp_neg_Fix_alpha_pos-beta-exp_pos_
0,32,60.20801903474024,402997.0,0.8371837845948152,0.05,1.0,0.3049145094906985,0.5,0.017284397503126762,,,0.9786259987071568,,LearningParams_Fit_alpha_neg-exp_neg_Fix_alpha_pos-beta-exp_pos_
1,48,60.20801903474083,402997.0,0.26671076476114786,0.05,1.0,0.3996108159775947,0.5,0.017284411317170227,,,0.978625834599926,,LearningParams_Fit_alpha_neg-exp_neg_Fix_alpha_pos-beta-exp_pos_
2,21,60.20801903474203,402997.0,0.9799551239154062,0.05,1.0,0.08254790040911197,0.5,0.017284389349447773,,,0.9786261855904572,,LearningParams_Fit_alpha_neg-exp_neg_Fix_alpha_pos-beta-exp_pos_
3,8,60.20801903474309,402997.0,0.9451814777105758,0.05,1.0,0.8752870780722366,0.5,0.017284397976303954,,,0.9786261649320604,,LearningParams_Fit_alpha_neg-exp_neg_Fix_alpha_pos-beta-exp_pos_
4,37,60.20801903474326,402997.0,0.7964868270959705,0.05,1.0,0.4372686309743213,0.5,0.01728439487077317,,,0.9786261992670366,,LearningParams_Fit_alpha_neg-exp_neg_Fix_alpha_pos-beta-exp_pos_
5,36,60.20801903474342,402997.0,0.8070829837895883,0.05,1.0,0.6309068104416087,0.5,0.017284406161358127,,,0.9786260534457109,,LearningParams_Fit_alpha_neg-exp_neg_Fix_alpha_pos-beta-exp_pos_
6,27,60.20801903474355,402997.0,0.8944250100863326,0.05,1.0,0.15055533893972214,0.5,0.01728438750473629,,,0.9786262417851984,,LearningParams_Fit_alpha_neg-exp_neg_Fix_alpha_pos-beta-exp_pos_
7,12,60.208019034743565,402997.0,0.802723259910057,0.05,1.0,0.7522052279149961,0.5,0.017284390132229144,,,0.9786262416560588,,LearningParams_Fit_alpha_neg-exp_neg_Fix_alpha_pos-beta-exp_pos_
8,17,60.20801903474358,402997.0,0.07257930118401945,0.05,1.0,0.6055989472592034,0.5,0.017284394006861152,,,0.9786262133885428,,LearningParams_Fit_alpha_neg-exp_neg_Fix_alpha_pos-beta-exp_pos_
9,42,60.208019034744,402997.0,0.03108392784926828,0.05,1.0,0.8963556375029289,0.5,0.017284387379432456,,,0.9786262581887152,,LearningParams_Fit_alpha_neg-exp_neg_Fix_alpha_pos-beta-exp_pos_
10,47,60.208019034744474,402997.0,0.485470209665079,0.05,1.0,0.006115111640306314,0.5,0.017284387614019847,,,0.9786262680247344,,LearningParams_Fit_alpha_neg-exp_neg_Fix_alpha_pos-beta-exp_pos_
11,24,60.2080190347456,402997.0,0.3679521000007733,0.05,1.0,0.8896797632220376,0.5,0.017284420287613456,,,0.9786257220158692,,LearningParams_Fit_alpha_neg-exp_neg_Fix_alpha_pos-beta-exp_pos_
12,31,60.20801903474594,402997.0,0.8899770896863102,0.05,1.0,0.8888102547542169,0.5,0.017284420743980906,,,0.9786257557754036,,LearningParams_Fit_alpha_neg-exp_neg_Fix_alpha_pos-beta-exp_pos_
13,29,60.208019034746144,402997.0,0.5580617543855563,0.05,1.0,0.8782782955376333,0.5,0.017284394852289598,,,0.9786259513684564,,LearningParams_Fit_alpha_neg-exp_neg_Fix_alpha_pos-beta-exp_pos_
14,20,60.20801903474671,402997.0,0.9936943724966532,0.05,1.0,0.4296782250790016,0.5,0.017284388334059573,,,0.9786263017967698,,LearningParams_Fit_alpha_neg-exp_neg_Fix_alpha_pos-beta-exp_pos_
15,1,60.20801903474712,402997.0,0.025637998876882118,0.05,1.0,0.9044868748382106,0.5,0.01728438650530608,,,0.9786261026463174,,LearningParams_Fit_alpha_neg-exp_neg_Fix_alpha_pos-beta-exp_pos_
16,23,60.20801903474721,402997.0,0.8744708894618237,0.05,1.0,0.9745532759893499,0.5,0.017284384013908142,,,0.9786263268593316,,LearningParams_Fit_alpha_neg-exp_neg_Fix_alpha_pos-beta-exp_pos_
17,2,60.208019034747856,402997.0,0.06955570876179973,0.05,1.0,0.3757372229576549,0.5,0.017284423492037862,,,0.9786256981911484,,LearningParams_Fit_alpha_neg-exp_neg_Fix_alpha_pos-beta-exp_pos_
18,39,60.20801903474815,402997.0,0.023306240139375437,0.05,1.0,0.9070497002814876,0.5,0.01728438077467529,,,0.9786262495739656,,LearningParams_Fit_alpha_neg-exp_neg_Fix_alpha_pos-beta-exp_pos_
19,34,60.20801903474818,402997.0,0.8162696957166288,0.05,1.0,0.4882575154192175,0.5,0.017284400012428702,,,0.9786261970801822,,LearningParams_Fit_alpha_neg-exp_neg_Fix_alpha_pos-beta-exp_pos_
20,14,60.20801903474838,402997.0,0.7859612692514094,0.05,1.0,0.6112502195964913,0.5,0.017284403504916064,,,0.9786257977799382,,LearningParams_Fit_alpha_neg-exp_neg_Fix_alpha_pos-beta-exp_pos_
21,45,60.20801903474902,402997.0,0.487398067200505,0.05,1.0,0.3639756143888364,0.5,0.017284379631501992,,,0.978626266073756,,LearningParams_Fit_alpha_neg-exp_neg_Fix_alpha_pos-beta-exp_pos_
22,41,60.20801903474921,402997.0,0.5692466963022743,0.05,1.0,0.7192155397253049,0.5,0.01728442463954128,,,0.9786257045435448,,LearningParams_Fit_alpha_neg-exp_neg_Fix_alpha_pos-beta-exp_pos_
23,18,60.20801903474978,402997.0,0.12503221784279805,0.05,1.0,0.5782249191803451,0.5,0.017284391573334678,,,0.9786259699189402,,LearningParams_Fit_alpha_neg-exp_neg_Fix_alpha_pos-beta-exp_pos_
24,19,60.20801903475058,402997.0,0.9202003725717356,0.05,1.0,0.6601978666426042,0.5,0.01728442386492491,,,0.9786257785460324,,LearningParams_Fit_alpha_neg-exp_neg_Fix_alpha_pos-beta-exp_pos_
25,3,60.2080190347515,402997.0,0.4518236388968266,0.05,1.0,0.6143743552301864,0.5,0.017284426495861843,,,0.978625601497638,,LearningParams_Fit_alpha_neg-exp_neg_Fix_alpha_pos-beta-exp_pos_
26,26,60.20801903475154,402997.0,0.6463236279830792,0.05,1.0,0.10374381101568196,0.5,0.017284414576388966,,,0.978625997600787,,LearningParams_Fit_alpha_neg-exp_neg_Fix_alpha_pos-beta-exp_pos_
27,5,60.208019034752205,402997.0,0.4731262825818994,0.05,1.0,0.27921364617445504,0.5,0.017284380712693868,,,0.9786261709701416,,LearningParams_Fit_alpha_neg-exp_neg_Fix_alpha_pos-beta-exp_pos_
28,43,60.2080190347524,402997.0,0.6898881454944066,0.05,1.0,0.6061946310811628,0.5,0.017284427304631495,,,0.978625698342588,,LearningParams_Fit_alpha_neg-exp_neg_Fix_alpha_pos-beta-exp_pos_
29,28,60.208019034752766,402997.0,0.6888101342412338,0.05,1.0,0.5464387583957199,0.5,0.017284375340768692,,,0.978626375661785,,LearningParams_Fit_alpha_neg-exp_neg_Fix_alpha_pos-beta-exp_pos_
30,49,60.20801903475326,402997.0,0.3336337641180054,0.05,1.0,0.9529459407799558,0.5,0.017284375310109873,,,0.9786263281364652,,LearningParams_Fit_alpha_neg-exp_neg_Fix_alpha_pos-beta-exp_pos_
31,38,60.20801903475346,402997.0,0.937462582465014,0.05,1.0,0.8375269006467825,0.5,0.017284407682771126,,,0.9786257031784316,,LearningParams_Fit_alpha_neg-exp_neg_Fix_alpha_pos-beta-exp_pos_
32,4,60.20801903475346,402997.0,0.09553454425969332,0.05,1.0,0.1046230759782606,0.5,0.01728438883663754,,,0.9786263694804872,,LearningParams_Fit_alpha_neg-exp_neg_Fix_alpha_pos-beta-exp_pos_
33,10,60.20801903475404,402997.0,0.8909801917566478,0.05,1.0,0.0784448848659226,0.5,0.017284401074597482,,,0.9786262306532784,,LearningParams_Fit_alpha_neg-exp_neg_Fix_alpha_pos-beta-exp_pos_
34,33,60.208019034754905,402997.0,0.7410097420787244,0.05,1.0,0.5359368756280114,0.5,0.017284407334062717,,,0.9786256966036222,,LearningParams_Fit_alpha_neg-exp_neg_Fix_alpha_pos-beta-exp_pos_
35,13,60.20801903475622,402997.0,0.3888720342636518,0.05,1.0,0.963912530228849,0.5,0.017284429649992154,,,0.9786256982024306,,LearningParams_Fit_alpha_neg-exp_neg_Fix_alpha_pos-beta-exp_pos_
36,6,60.208019034757,402997.0,0.3063122973585336,0.05,1.0,0.4797830115064104,0.5,0.017284432281070447,,,0.9786255818768876,,LearningParams_Fit_alpha_neg-exp_neg_Fix_alpha_pos-beta-exp_pos_
37,11,60.20801903475896,402997.0,0.7573056797307214,0.05,1.0,0.4998758635224658,0.5,0.01728440765918231,,,0.978626168703652,,LearningParams_Fit_alpha_neg-exp_neg_Fix_alpha_pos-beta-exp_pos_
38,35,60.20801903476041,402997.0,0.9393392516049088,0.05,1.0,0.2777705340324728,0.5,0.017284415083949088,,,0.9786260570659164,,LearningParams_Fit_alpha_neg-exp_neg_Fix_alpha_pos-beta-exp_pos_
39,9,60.20801903476332,402997.0,0.6875336875611482,0.05,1.0,0.10954632342752146,0.5,0.017284388641002516,,,0.9786259187702178,,LearningParams_Fit_alpha_neg-exp_neg_Fix_alpha_pos-beta-exp_pos_
40,7,60.208019034764575,402997.0,0.7878810702961062,0.05,1.0,0.19089863266791973,0.5,0.01728442133169171,,,0.9786254824222372,,LearningParams_Fit_alpha_neg-exp_neg_Fix_alpha_pos-beta-exp_pos_
41,25,60.208019034769315,402997.0,0.17599681712558324,0.05,1.0,0.5630011487358811,0.5,0.017284362722856,,,0.9786265127520872,,LearningParams_Fit_alpha_neg-exp_neg_Fix_alpha_pos-beta-exp_pos_
42,46,60.20801903477077,402997.0,0.7204312256545324,0.05,1.0,0.5255747934764655,0.5,0.017284411467367984,,,0.9786255495158548,,LearningParams_Fit_alpha_neg-exp_neg_Fix_alpha_pos-beta-exp_pos_
43,44,60.20801903477315,402997.0,0.5730354508649307,0.05,1.0,0.6829472932415644,0.5,0.017284416837208487,,,0.9786254767600584,,LearningParams_Fit_alpha_neg-exp_neg_Fix_alpha_pos-beta-exp_pos_
44,22,60.20801903478743,402997.0,0.4165656384002826,0.05,1.0,0.056244685300749,0.5,0.01728440301935294,,,0.9786263792801972,,LearningParams_Fit_alpha_neg-exp_neg_Fix_alpha_pos-beta-exp_pos_
45,0,60.20801903478978,402997.0,0.25701025689681223,0.05,1.0,0.8196536490910078,0.5,0.017284442386976104,,,0.9786256823601208,,LearningParams_Fit_alpha_neg-exp_neg_Fix_alpha_pos-beta-exp_pos_
46,40,60.20801903479355,402997.0,0.013648563293154892,0.05,1.0,0.8257786279466379,0.5,0.017284428386125174,,,0.9786259947655632,,LearningParams_Fit_alpha_neg-exp_neg_Fix_alpha_pos-beta-exp_pos_
47,30,60.208019034808686,402997.0,0.4575529336446864,0.05,1.0,0.2180995074596327,0.5,0.017284364670827376,,,0.9786261409903679,,LearningParams_Fit_alpha_neg-exp_neg_Fix_alpha_pos-beta-exp_pos_
48,15,60.208019034811365,402997.0,0.6850017433075478,0.05,1.0,0.6782682963029032,0.5,0.017284459121642032,,,0.9786253659343244,,LearningParams_Fit_alpha_neg-exp_neg_Fix_alpha_pos-beta-exp_pos_
49,16,217.223242102298,402997.0,0.8491622172892783,0.05,1.0,0.9536967744057387,0.5,1.1717516800661754,,,-0.8171362359889364,,LearningParams_Fit_alpha_neg-exp_neg_Fix_alpha_pos-beta-exp_pos_
0,21,106.31403487606579,100250.0,0.6636102303897194,0.05,1.0,0.9210604656638992,0.5,0.30490222490574026,,,0.2084639764021588,,LearningParams_Fit_alpha_neg-exp_neg_Fix_alpha_pos-beta-exp_pos_
1,5,106.31403487606771,100250.0,0.2865578280853286,0.05,1.0,0.9058370684469508,0.5,0.3049021313799765,,,0.2084639992762121,,LearningParams_Fit_alpha_neg-exp_neg_Fix_alpha_pos-beta-exp_pos_
2,47,106.31403487606798,100250.0,0.2763656194526535,0.05,1.0,0.3554552205245285,0.5,0.30490221934803546,,,0.20846401250082008,,LearningParams_Fit_alpha_neg-exp_neg_Fix_alpha_pos-beta-exp_pos_
3,20,106.31403487606823,100250.0,0.783064976332623,0.05,1.0,0.017212909688030686,0.5,0.30490216098580303,,,0.2084639357299412,,LearningParams_Fit_alpha_neg-exp_neg_Fix_alpha_pos-beta-exp_pos_
4,25,106.31403487606934,100250.0,0.835173149300635,0.05,1.0,0.11305073318214408,0.5,0.30490235890302264,,,0.20846370402997694,,LearningParams_Fit_alpha_neg-exp_neg_Fix_alpha_pos-beta-exp_pos_
5,7,106.3140348760696,100250.0,0.2919468450936994,0.05,1.0,0.4468249097302147,0.5,0.3049021221038565,,,0.20846409762159665,,LearningParams_Fit_alpha_neg-exp_neg_Fix_alpha_pos-beta-exp_pos_
6,11,106.3140348760696,100250.0,0.7056995498376684,0.05,1.0,0.07879025971952569,0.5,0.3049020816496769,,,0.2084640932738185,,LearningParams_Fit_alpha_neg-exp_neg_Fix_alpha_pos-beta-exp_pos_
7,16,106.31403487606987,100250.0,0.07266553524105934,0.05,1.0,0.3666303146199298,0.5,0.3049024541270432,,,0.2084637580973865,,LearningParams_Fit_alpha_neg-exp_neg_Fix_alpha_pos-beta-exp_pos_
8,38,106.31403487607,100250.0,0.424769554773866,0.05,1.0,0.2470892251465554,0.5,0.3049024734450924,,,0.20846372537162766,,LearningParams_Fit_alpha_neg-exp_neg_Fix_alpha_pos-beta-exp_pos_
9,40,106.31403487607338,100250.0,0.17699280907807968,0.05,1.0,0.010705082468630778,0.5,0.3049023631488039,,,0.20846391505001832,,LearningParams_Fit_alpha_neg-exp_neg_Fix_alpha_pos-beta-exp_pos_
10,12,106.31403487607386,100250.0,0.985809660102224,0.05,1.0,0.1884373346728906,0.5,0.3049024742623885,,,0.20846377402148344,,LearningParams_Fit_alpha_neg-exp_neg_Fix_alpha_pos-beta-exp_pos_
11,26,106.31403487607395,100250.0,0.433942872674052,0.05,1.0,0.837206860350887,0.5,0.3049025357071237,,,0.20846356269900987,,LearningParams_Fit_alpha_neg-exp_neg_Fix_alpha_pos-beta-exp_pos_
12,28,106.31403487607487,100250.0,0.6084286520294523,0.05,1.0,0.6598728257295231,0.5,0.3049025402632185,,,0.2084636748494654,,LearningParams_Fit_alpha_neg-exp_neg_Fix_alpha_pos-beta-exp_pos_
13,36,106.31403487607528,100250.0,0.8097742612403476,0.05,1.0,0.1400098192845194,0.5,0.3049022538084992,,,0.2084640443389651,,LearningParams_Fit_alpha_neg-exp_neg_Fix_alpha_pos-beta-exp_pos_
14,9,106.31403487607682,100250.0,0.28865291561662976,0.05,1.0,0.1074182848780727,0.5,0.30490255981986353,,,0.20846351811759747,,LearningParams_Fit_alpha_neg-exp_neg_Fix_alpha_pos-beta-exp_pos_
15,44,106.3140348760774,100250.0,0.5095454571491437,0.05,1.0,0.6608208147217314,0.5,0.3049025440301415,,,0.20846369675102486,,LearningParams_Fit_alpha_neg-exp_neg_Fix_alpha_pos-beta-exp_pos_
16,23,106.31403487608074,100250.0,0.5852911582215357,0.05,1.0,0.8850466871409676,0.5,0.304902589810633,,,0.2084636497056544,,LearningParams_Fit_alpha_neg-exp_neg_Fix_alpha_pos-beta-exp_pos_
17,27,106.31403487608084,100250.0,0.1546761845581237,0.05,1.0,0.9051666761607964,0.5,0.3049021250963246,,,0.2084638739933709,,LearningParams_Fit_alpha_neg-exp_neg_Fix_alpha_pos-beta-exp_pos_
18,17,106.314034876081,100250.0,0.3167709959493603,0.05,1.0,0.36560152242314536,0.5,0.3049022524652839,,,0.2084637262782332,,LearningParams_Fit_alpha_neg-exp_neg_Fix_alpha_pos-beta-exp_pos_
19,31,106.31403487608179,100250.0,0.3258249618305519,0.05,1.0,0.3260900924416342,0.5,0.3049023675982955,,,0.20846396272382825,,LearningParams_Fit_alpha_neg-exp_neg_Fix_alpha_pos-beta-exp_pos_
20,48,106.3140348760822,100250.0,0.09277923835508396,0.05,1.0,0.262896357729261,0.5,0.30490257548201033,,,0.2084634589611028,,LearningParams_Fit_alpha_neg-exp_neg_Fix_alpha_pos-beta-exp_pos_
21,6,106.31403487608284,100250.0,0.24135387411582365,0.05,1.0,0.6992366617839921,0.5,0.3049019938817144,,,0.2084642870174057,,LearningParams_Fit_alpha_neg-exp_neg_Fix_alpha_pos-beta-exp_pos_
22,24,106.314034876083,100250.0,0.30338668520497497,0.05,1.0,0.9349229666250132,0.5,0.3049025228472729,,,0.20846348140746992,,LearningParams_Fit_alpha_neg-exp_neg_Fix_alpha_pos-beta-exp_pos_
23,13,106.3140348760832,100250.0,0.2704794393574408,0.05,1.0,0.3965777410986937,0.5,0.3049020001064032,,,0.20846403290896695,,LearningParams_Fit_alpha_neg-exp_neg_Fix_alpha_pos-beta-exp_pos_
24,43,106.31403487608334,100250.0,0.3304050543772105,0.05,1.0,0.17190918751500328,0.5,0.3049019018352268,,,0.20846428072497708,,LearningParams_Fit_alpha_neg-exp_neg_Fix_alpha_pos-beta-exp_pos_
25,32,106.31403487608415,100250.0,0.5003154046185521,0.05,1.0,0.8683168024462184,0.5,0.3049026050762579,,,0.2084636559950646,,LearningParams_Fit_alpha_neg-exp_neg_Fix_alpha_pos-beta-exp_pos_
26,42,106.31403487608446,100250.0,0.046038401617332525,0.05,1.0,0.15378040035330953,0.5,0.3049026440684912,,,0.20846342255491496,,LearningParams_Fit_alpha_neg-exp_neg_Fix_alpha_pos-beta-exp_pos_
27,14,106.31403487608505,100250.0,0.26640375014733075,0.05,1.0,0.9946481678129868,0.5,0.304902152630324,,,0.2084638180707213,,LearningParams_Fit_alpha_neg-exp_neg_Fix_alpha_pos-beta-exp_pos_
28,29,106.31403487608534,100250.0,0.25907852736500925,0.05,1.0,0.8546919194234024,0.5,0.3049018853003456,,,0.20846424280054354,,LearningParams_Fit_alpha_neg-exp_neg_Fix_alpha_pos-beta-exp_pos_
29,18,106.31403487608564,100250.0,0.05568317679583668,0.05,1.0,0.36558554644214414,0.5,0.3049020369320176,,,0.20846396289488414,,LearningParams_Fit_alpha_neg-exp_neg_Fix_alpha_pos-beta-exp_pos_
30,15,106.31403487608769,100250.0,0.9057271878556108,0.05,1.0,0.15648409620342096,0.5,0.3049026226322986,,,0.20846365392136085,,LearningParams_Fit_alpha_neg-exp_neg_Fix_alpha_pos-beta-exp_pos_
31,22,106.31403487608937,100250.0,0.24747212381442474,0.05,1.0,0.40196330981463296,0.5,0.3049020155284585,,,0.20846397172402129,,LearningParams_Fit_alpha_neg-exp_neg_Fix_alpha_pos-beta-exp_pos_
32,10,106.31403487609073,100250.0,0.033278512278189565,0.05,1.0,0.18712527665295356,0.5,0.3049027292462944,,,0.20846345937200836,,LearningParams_Fit_alpha_neg-exp_neg_Fix_alpha_pos-beta-exp_pos_
33,39,106.31403487609366,100250.0,0.7247973404784698,0.05,1.0,0.002510924998701425,0.5,0.3049025481188455,,,0.20846379790053046,,LearningParams_Fit_alpha_neg-exp_neg_Fix_alpha_pos-beta-exp_pos_
34,34,106.31403487609671,100250.0,0.6119356513644955,0.05,1.0,0.2622033068731552,0.5,0.3049023481915796,,,0.20846405085784556,,LearningParams_Fit_alpha_neg-exp_neg_Fix_alpha_pos-beta-exp_pos_
35,45,106.31403487609735,100250.0,0.4035267263132135,0.05,1.0,0.7997671242138757,0.5,0.3049027574783703,,,0.2084634784997892,,LearningParams_Fit_alpha_neg-exp_neg_Fix_alpha_pos-beta-exp_pos_
36,41,106.31403487609786,100250.0,0.7749366624172017,0.05,1.0,0.008898298145768034,0.5,0.30490272270238183,,,0.20846355332274866,,LearningParams_Fit_alpha_neg-exp_neg_Fix_alpha_pos-beta-exp_pos_
37,35,106.31403487610856,100250.0,0.7006052959068383,0.05,1.0,0.9183818356691792,0.5,0.304902274879164,,,0.20846416901299314,,LearningParams_Fit_alpha_neg-exp_neg_Fix_alpha_pos-beta-exp_pos_
38,30,106.31403487611824,100250.0,0.040376942241380775,0.05,1.0,0.5337462085116498,0.5,0.3049024241739692,,,0.2084634169009336,,LearningParams_Fit_alpha_neg-exp_neg_Fix_alpha_pos-beta-exp_pos_
39,1,106.31403487612063,100250.0,0.3155882533403478,0.05,1.0,0.3994957774331309,0.5,0.30490220931682666,,,0.2084636231666196,,LearningParams_Fit_alpha_neg-exp_neg_Fix_alpha_pos-beta-exp_pos_
40,0,106.31403487613336,100250.0,0.641816649876349,0.05,1.0,0.042008484253476135,0.5,0.3049023895377934,,,0.20846411998863654,,LearningParams_Fit_alpha_neg-exp_neg_Fix_alpha_pos-beta-exp_pos_
41,46,106.31403487613373,100250.0,0.4711934085739615,0.05,1.0,0.0783055638489859,0.5,0.3049018431282801,,,0.20846460867367111,,LearningParams_Fit_alpha_neg-exp_neg_Fix_alpha_pos-beta-exp_pos_
42,33,118.54494609219664,100250.0,0.7809537557269667,0.05,1.0,0.8511006784236292,0.5,0.8666078487377222,,,-0.12984629643395695,,LearningParams_Fit_alpha_neg-exp_neg_Fix_alpha_pos-beta-exp_pos_
43,3,118.54494614712046,100250.0,0.7297659483759322,0.05,1.0,0.7273311180018998,0.5,0.8666436268998846,,,-0.12988763949605542,,LearningParams_Fit_alpha_neg-exp_neg_Fix_alpha_pos-beta-exp_pos_
44,49,118.5449464397308,100250.0,0.7967523022028877,0.05,1.0,0.9612732831885696,0.5,0.8666042587200413,,,-0.12984214788548512,,LearningParams_Fit_alpha_neg-exp_neg_Fix_alpha_pos-beta-exp_pos_
45,2,118.57830283824673,100250.0,0.8098471401270066,0.05,1.0,0.2894280017500447,0.5,0.8803234450843371,,,-0.1455087312054606,,LearningParams_Fit_alpha_neg-exp_neg_Fix_alpha_pos-beta-exp_pos_
46,19,122.25862268926984,100250.0,0.8392754464447103,0.05,1.0,0.5355931623555323,0.5,1.0754441550373377,,,-0.210798000713295,,LearningParams_Fit_alpha_neg-exp_neg_Fix_alpha_pos-beta-exp_pos_
47,37,122.25862268927423,100250.0,0.9953726516879652,0.05,1.0,0.3547208567374493,0.5,1.0754442151839398,,,-0.2107980569830838,,LearningParams_Fit_alpha_neg-exp_neg_Fix_alpha_pos-beta-exp_pos_
48,4,122.258622689276,100250.0,0.8722411564134606,0.05,1.0,0.5413324874303185,0.5,1.075444329255547,,,-0.21079815981322586,,LearningParams_Fit_alpha_neg-exp_neg_Fix_alpha_pos-beta-exp_pos_
49,8,122.25862268931641,100250.0,0.8950893320758408,0.05,1.0,0.6728821411497424,0.5,1.075444449175021,,,-0.21079826429873594,,LearningParams_Fit_alpha_neg-exp_neg_Fix_alpha_pos-beta-exp_pos_
